0.10150909423828125
0.10008502006530762
0.10270285606384277
0.10355925559997559
0.1824479103088379
0.17577791213989258
0.17367196083068848
0.17660975456237793
0.17257094383239746
0.1742720603942871
0.17338800430297852
0.17570805549621582
0.17425990104675293
0.1749708652496338
0.17883896827697754
0.18398809432983398
0.17571115493774414
0.17893671989440918
0.18666911125183105
0.1788017749786377
0.17646527290344238
0.17529296875
0.18401193618774414
0.1749558448791504
0.17859578132629395
0.17324185371398926
0.17615818977355957
0.17398595809936523
0.17363810539245605
0.174454927444458
0.17263102531433105
0.17592310905456543
0.17481017112731934
0.17404890060424805
0.17345714569091797
0.1758589744567871
0.17394709587097168
0.17366695404052734
0.17510604858398438
0.1734449863433838
0.17488980293273926
0.1746809482574463
0.1736609935760498
0.17273712158203125
0.1751079559326172
0.17449188232421875
0.17483186721801758
0.17394304275512695
0.17387914657592773
0.17598795890808105
0.1741471290588379
0.17499113082885742
0.17242097854614258
0.17447996139526367
0.1725907325744629
0.17452597618103027
0.17368006706237793
0.17479705810546875
0.174116849899292
0.17391371726989746
0.17462873458862305
0.17353487014770508
0.17361688613891602
0.17402124404907227
0.17613506317138672
0.17372488975524902
0.1721961498260498
0.17325901985168457
0.17382502555847168
0.17589116096496582
0.17219185829162598
0.17375516891479492
0.17355895042419434
0.17502188682556152
0.17424893379211426
0.1726682186126709
0.1772928237915039
0.17312169075012207
0.17496395111083984
0.17251300811767578
0.17357516288757324
0.1725919246673584
0.1756589412689209
0.1741039752960205
0.17445993423461914
0.1738579273223877
0.17756199836730957
0.18255281448364258
0.17343997955322266
0.1855151653289795
0.17750096321105957
0.17507505416870117
0.1768651008605957
0.17537784576416016
0.20093488693237305
0.182420015335083
0.18779516220092773
0.19088101387023926
0.1879878044128418
0.1811211109161377
0.25472307205200195
0.20817089080810547
0.19118213653564453
0.1950221061706543
0.19586801528930664
0.2552611827850342
0.20516109466552734
0.20252323150634766
0.19002509117126465
0.18794798851013184
0.18453717231750488
0.18547582626342773
0.18649816513061523
0.18568110466003418
0.19231510162353516
0.18517470359802246
0.18761301040649414
0.18529319763183594
0.18467378616333008
0.18575406074523926
0.18436598777770996
0.1831200122833252
0.18431591987609863
0.1953580379486084
0.2106471061706543
0.19623112678527832
0.19103574752807617
0.21340084075927734
0.18558573722839355
0.19295787811279297
0.20340704917907715
0.20434904098510742
0.20847010612487793
0.18996024131774902
0.19275403022766113
0.19064116477966309
0.19142603874206543
0.1897432804107666
0.1943368911743164
0.19381928443908691
0.19207406044006348
0.19091415405273438
0.18662405014038086
0.1882028579711914
0.20643186569213867
0.18665409088134766
0.18488121032714844
0.21657395362854004
0.22345614433288574
0.20322680473327637
0.23496007919311523
0.2443692684173584
0.1920928955078125
0.19178009033203125
0.18811583518981934
0.18704509735107422
0.18540334701538086
0.19174981117248535
0.18495798110961914
0.1836259365081787
0.18306779861450195
0.1971142292022705
0.18325591087341309
0.1861250400543213
0.1830589771270752
0.18460607528686523
0.18256497383117676
0.18264412879943848
0.18076705932617188
0.18560099601745605
0.1843090057373047
0.18286705017089844
0.1813650131225586
0.1811521053314209
0.1801130771636963
0.18029284477233887
0.18480730056762695
0.1795041561126709
0.18018102645874023
0.18323612213134766
0.1789569854736328
0.18206191062927246
0.1802530288696289
0.1834850311279297
0.1885666847229004
0.18054699897766113
0.17989897727966309
0.18349909782409668
0.18217110633850098
0.1792757511138916
0.17974019050598145
0.18041324615478516
0.17973923683166504
0.18080902099609375
0.1807701587677002
0.18010807037353516
0.17988300323486328
0.18385910987854004
0.18114185333251953
0.18018889427185059
0.1827678680419922
0.1828768253326416
0.1813340187072754
0.19217705726623535
0.19152617454528809
0.1810309886932373
0.18172168731689453
0.1846330165863037
0.18498706817626953
0.18077683448791504
0.18052291870117188
0.17856311798095703
0.17925000190734863
0.18014311790466309
0.18036293983459473
0.17911982536315918
0.18112897872924805
0.18065309524536133
0.17997431755065918
0.17922687530517578
0.1787879467010498
0.17720913887023926
0.17644071578979492
0.18047881126403809
0.18058991432189941
0.18895578384399414
0.18321990966796875
0.18009495735168457
0.18021512031555176
0.18042397499084473
0.17934513092041016
0.18168306350708008
0.18029499053955078
0.1818392276763916
0.1795668601989746
0.18364787101745605
0.1923830509185791
0.18934392929077148
0.17762994766235352
0.17834901809692383
0.18025684356689453
0.17801427841186523
0.17664813995361328
0.1776418685913086
0.17888116836547852
0.17731523513793945
0.17829608917236328
0.1779029369354248
0.17916584014892578
0.1773371696472168
0.20987224578857422
0.17862987518310547
0.17522001266479492
0.17665505409240723
0.17678022384643555
0.17659902572631836
0.17754697799682617
0.17744207382202148
0.1767418384552002
0.17746782302856445
0.17656707763671875
0.1774158477783203
0.17485404014587402
0.17800498008728027
0.17589020729064941
0.17739629745483398
0.17565584182739258
0.1807711124420166
0.18914198875427246
0.17919111251831055
0.18129992485046387
0.18040204048156738
0.1793689727783203
0.18122291564941406
0.17853903770446777
0.17967486381530762
0.18111586570739746
0.17949795722961426
0.17908191680908203
0.1779768466949463
0.17955899238586426
0.19157719612121582
0.17726898193359375
0.1789231300354004
0.179290771484375
0.18099498748779297
0.1785290241241455
0.18016481399536133
0.1768498420715332
0.17960500717163086
0.17778611183166504
0.17882013320922852
0.17826509475708008
0.17657113075256348
0.17794299125671387
0.1776430606842041
0.18305301666259766
0.17708277702331543
0.17716217041015625
0.1775062084197998
0.17802882194519043
0.18207883834838867
0.1847989559173584
0.1859903335571289
0.17805719375610352
0.17472481727600098
0.1759810447692871
0.17943811416625977
0.18423080444335938
0.18435001373291016
0.17937588691711426
0.17853999137878418
0.18002700805664062
0.17928695678710938
0.17707228660583496
0.17789793014526367
0.1773357391357422
0.17677521705627441
0.17725801467895508
0.1778090000152588
0.17726993560791016
0.17797613143920898
0.1775832176208496
0.1780261993408203
0.18823575973510742
0.17717790603637695
0.17570114135742188
0.18355679512023926
0.1841418743133545
0.18589329719543457
0.22432994842529297
0.21931123733520508
0.2251451015472412
0.2329716682434082
0.20814299583435059
0.2475569248199463
0.224992036819458
0.25426387786865234
0.2526679039001465
0.27867603302001953
0.22015690803527832
0.19215083122253418
0.19194507598876953
0.20036816596984863
0.23996424674987793
0.19511818885803223
0.19273877143859863
0.1897108554840088
0.19153594970703125
0.19613385200500488
0.24242782592773438
0.20611095428466797
0.19474411010742188
0.19208097457885742
0.19064903259277344
0.20609807968139648
0.19526386260986328
0.21243023872375488
0.20382404327392578
0.21014070510864258
0.2047748565673828
0.2166740894317627
0.19814777374267578
0.1964550018310547
0.19852209091186523
0.19499897956848145
0.19895601272583008
0.20177721977233887
0.20442700386047363
0.20650386810302734
0.2521998882293701
0.21061086654663086
0.19925308227539062
0.20293807983398438
0.20963597297668457
0.19987821578979492
0.20702695846557617
0.20216083526611328
0.1991112232208252
0.20243096351623535
0.2044229507446289
0.2026989459991455
0.2009902000427246
0.19952702522277832
0.19959783554077148
0.19931316375732422
0.20049595832824707
0.20003390312194824
0.1990830898284912
0.2000260353088379
0.20013117790222168
0.20122075080871582
0.19768691062927246
0.2010800838470459
0.20237994194030762
0.19855618476867676
0.1996757984161377
0.20146894454956055
0.2043600082397461
0.24010324478149414
0.20688796043395996
0.20331501960754395
0.2051219940185547
0.20346808433532715
0.20388507843017578
0.20077085494995117
0.1993410587310791
0.1996009349822998
0.2070322036743164
0.20320940017700195
0.20258784294128418
0.20650815963745117
0.2711527347564697
0.20535516738891602
0.20853400230407715
0.20345783233642578
0.204970121383667
0.20448684692382812
0.20416688919067383
0.20447397232055664
0.204254150390625
0.20468688011169434
0.2041471004486084
0.20608210563659668
0.2059481143951416
0.20685505867004395
0.19530582427978516
0.20506811141967773
0.2097327709197998
0.20447015762329102
0.20773983001708984
0.20611095428466797
0.22405195236206055
0.21198201179504395
0.20891189575195312
0.2088487148284912
0.21390318870544434
0.21048974990844727
0.20462417602539062
0.20689892768859863
0.20781898498535156
0.2115628719329834
0.20854973793029785
0.20907020568847656
0.20656299591064453
0.2047419548034668
0.20697784423828125
0.20689630508422852
0.21176505088806152
0.24671697616577148
0.2103729248046875
0.2108612060546875
0.2103710174560547
0.21057581901550293
0.21277117729187012
0.21014714241027832
0.21611595153808594
0.21630525588989258
0.215867280960083
0.21462011337280273
0.22886204719543457
0.21713781356811523
0.21939778327941895
0.21372675895690918
0.21907496452331543
0.22571086883544922
0.2193760871887207
0.225830078125
0.23298907279968262
0.22803997993469238
0.23882102966308594
0.24338102340698242
0.2404191493988037
0.24591708183288574
0.24248719215393066
0.2380058765411377
0.24491429328918457
0.2643449306488037
0.23898077011108398
0.24043917655944824
0.24795126914978027
0.24647903442382812
0.24368691444396973
0.2412550449371338
0.2409982681274414
0.23882198333740234
0.23701095581054688
0.23732209205627441
0.23783612251281738
0.2389659881591797
0.2418351173400879
0.24187707901000977
0.24445223808288574
0.23942804336547852
0.24151015281677246
0.24869775772094727
0.2471320629119873
0.2449178695678711
0.24997496604919434
0.24763798713684082
0.25638484954833984
0.2526998519897461
0.26117777824401855
0.24916982650756836
0.27694201469421387
0.29450082778930664
0.2558860778808594
0.256605863571167
0.2594268321990967
0.2693922519683838
0.2665891647338867
0.27005600929260254
0.2660679817199707
0.27384495735168457
0.273989200592041
0.26916003227233887
0.27100706100463867
0.25092101097106934
0.2525317668914795
0.24956393241882324
0.2502129077911377
0.24346280097961426
0.24337291717529297
0.2365570068359375
0.24429607391357422
0.24311614036560059
0.24246811866760254
0.24290013313293457
0.24166297912597656
0.23649120330810547
0.23041415214538574
0.23184800148010254
0.23772501945495605
0.2298579216003418
0.23350214958190918
0.2249000072479248
0.28813624382019043
0.23595976829528809
0.23625683784484863
0.24780702590942383
0.22848105430603027
0.2344188690185547
0.23218703269958496
0.22508001327514648
0.22326087951660156
0.21961402893066406
0.22190117835998535
0.22522616386413574
0.22104763984680176
0.2768709659576416
0.22561192512512207
0.23104405403137207
0.22877001762390137
0.22467923164367676
0.2241051197052002
0.23203396797180176
0.22379326820373535
0.23062705993652344
0.24102210998535156
0.23039603233337402
0.23173308372497559
0.23344802856445312
0.23022007942199707
0.21305608749389648
0.2304399013519287
0.2374887466430664
0.23665094375610352
0.23389887809753418
0.2345728874206543
0.23008012771606445
0.2310338020324707
0.2242288589477539
0.22491717338562012
0.22715210914611816
0.22833585739135742
0.23097610473632812
0.22937607765197754
0.23923206329345703
0.2411031723022461
0.23014092445373535
0.2283620834350586
0.22531604766845703
0.2308347225189209
0.22841095924377441
0.2295379638671875
0.2311699390411377
0.2296919822692871
0.2274641990661621
0.23465704917907715
0.2677321434020996
0.23368501663208008
0.23583984375
0.2338411808013916
0.22980690002441406
0.22838401794433594
0.2300562858581543
0.22678613662719727
0.227888822555542
0.22249221801757812
0.22449898719787598
0.22101688385009766
0.22364091873168945
0.25778889656066895
0.2258608341217041
0.22780680656433105
0.22290802001953125
0.23052430152893066
0.22612309455871582
0.22493600845336914
0.22353005409240723
0.22440099716186523
0.2300739288330078
0.22448205947875977
0.22699499130249023
0.2232670783996582
0.2231299877166748
0.229417085647583
0.2328798770904541
0.228682279586792
0.2331981658935547
0.23347878456115723
0.23025107383728027
0.22885727882385254
0.22657513618469238
0.22863006591796875
0.22980713844299316
0.22805190086364746
0.22831296920776367
0.29604673385620117
0.23113489151000977
0.2341020107269287
0.22871994972229004
0.22931218147277832
0.22655987739562988
0.23274493217468262
0.23080015182495117
0.23037004470825195
0.22956013679504395
0.2320857048034668
0.22913694381713867
0.24674391746520996
0.22543597221374512
0.23656296730041504
0.2378709316253662
0.23612117767333984
0.2249138355255127
0.2267169952392578
0.2264111042022705
0.22501516342163086
0.2296750545501709
0.25836801528930664
0.23712706565856934
0.22398161888122559
0.22812485694885254
0.217972993850708
0.22898006439208984
0.2299339771270752
0.2200927734375
0.2252368927001953
0.2252509593963623
0.23279500007629395
0.2275559902191162
0.22967100143432617
0.2299799919128418
0.22807073593139648
0.22897577285766602
0.22775983810424805
0.23117613792419434
0.2311229705810547
0.23264670372009277
0.23424792289733887
0.22806286811828613
0.2327868938446045
0.23150014877319336
0.2709009647369385
0.23110699653625488
0.22914910316467285
0.2309551239013672
0.232774019241333
0.23968815803527832
0.22467374801635742
0.25137901306152344
0.23895907402038574
0.24590587615966797
0.23137593269348145
0.23337912559509277
0.22785019874572754
0.2747771739959717
0.23375797271728516
0.2290637493133545
0.22960805892944336
0.2920041084289551
0.22159481048583984
0.22722411155700684
0.22568678855895996
0.22821569442749023
0.23227596282958984
0.22771978378295898
0.22695708274841309
0.22711801528930664
0.22790217399597168
0.22690033912658691
0.2232520580291748
0.22399377822875977
0.22617316246032715
0.22949504852294922
0.22884297370910645
0.2295680046081543
0.22828006744384766
0.23204493522644043
0.2378239631652832
0.23361635208129883
0.23102807998657227
0.24099206924438477
0.2346477508544922
0.235382080078125
0.23134422302246094
0.23207879066467285
0.22909808158874512
0.23338603973388672
0.2481517791748047
0.23572301864624023
0.23368310928344727
0.2379300594329834
0.23968291282653809
0.2340700626373291
0.23364710807800293
0.2309892177581787
0.23050713539123535
0.23142504692077637
0.23424005508422852
0.23280787467956543
0.24032115936279297
0.23659801483154297
0.28206825256347656
0.23198723793029785
0.23222994804382324
0.232011079788208
0.22883319854736328
0.23139715194702148
0.2311420440673828
0.23264384269714355
0.23056697845458984
0.23257708549499512
0.23028087615966797
0.23748397827148438
0.2460012435913086
0.23654794692993164
0.23111200332641602
0.23131227493286133
0.23356389999389648
0.2304539680480957
0.27910614013671875
0.2315661907196045
0.22556185722351074
0.23428916931152344
0.23410606384277344
0.22647905349731445
0.22193002700805664
0.23363780975341797
0.23165106773376465
0.2287139892578125
0.22394013404846191
0.24021506309509277
0.22280192375183105
0.22308874130249023
0.22249794006347656
0.2201700210571289
0.2293858528137207
0.275191068649292
0.22486615180969238
0.23451519012451172
0.23961997032165527
0.2283458709716797
0.23396706581115723
0.23514890670776367
0.2356722354888916
0.233367919921875
0.2311999797821045
0.23537492752075195
0.228867769241333
0.22774100303649902
0.22695612907409668
0.2364058494567871
0.23276591300964355
0.2423563003540039
0.23728299140930176
0.2302567958831787
0.23199081420898438
0.23623418807983398
0.23198390007019043
0.2315659523010254
0.2284409999847412
0.23000502586364746
0.22581982612609863
0.23132801055908203
0.22217202186584473
0.22511982917785645
0.22975802421569824
0.2248687744140625
0.2273120880126953
0.267319917678833
0.228546142578125
0.2280750274658203
0.2241230010986328
0.22448396682739258
0.22297096252441406
0.22201204299926758
0.22296810150146484
0.22524428367614746
0.22853922843933105
0.22654223442077637
0.22818684577941895
0.2256629467010498
0.23082184791564941
0.22431111335754395
0.2230069637298584
0.27307677268981934
0.22400379180908203
0.22864699363708496
0.22413396835327148
0.22411084175109863
0.22071194648742676
0.22625088691711426
0.22118806838989258
0.22288012504577637
0.22257614135742188
0.2260429859161377
0.22857213020324707
0.228499174118042
0.2249588966369629
0.2631690502166748
0.22934985160827637
0.22990989685058594
0.23087096214294434
0.22714495658874512
0.22891807556152344
0.22626209259033203
0.2295069694519043
0.22310090065002441
0.2258899211883545
0.22877788543701172
0.2222583293914795
0.22781801223754883
0.23163199424743652
0.22701406478881836
0.22764229774475098
0.25911712646484375
0.22508597373962402
0.22083711624145508
0.22269582748413086
0.23055315017700195
0.23002910614013672
0.23085713386535645
0.2314910888671875
0.2221827507019043
0.22754693031311035
0.22275900840759277
0.22851896286010742
0.22553420066833496
0.22727179527282715
0.22560715675354004
0.22754192352294922
0.2291567325592041
0.2304680347442627
0.23351001739501953
0.3117356300354004
0.22720813751220703
0.2271440029144287
0.22498083114624023
0.22046685218811035
0.22306323051452637
0.22681689262390137
0.23768186569213867
0.22621917724609375
0.22809815406799316
0.22364187240600586
0.2301797866821289
0.23264193534851074
0.23035311698913574
0.22819781303405762
0.23689603805541992
0.22501802444458008
0.22410917282104492
0.23168396949768066
0.2722601890563965
0.22449874877929688
0.22291302680969238
0.22602581977844238
0.22782278060913086
0.22705388069152832
0.2262248992919922
0.22283101081848145
0.22633910179138184
0.22629094123840332
0.2269141674041748
0.22713184356689453
0.23281478881835938
0.22588610649108887
0.22427797317504883
0.2286510467529297
0.22434782981872559
0.22860503196716309
0.22155094146728516
0.22616195678710938
0.2307729721069336
0.22828197479248047
0.22531890869140625
0.2225170135498047
0.22557401657104492
0.22384405136108398
0.22306609153747559
0.21902203559875488
0.22591090202331543
0.22093605995178223
0.22668910026550293
0.22292399406433105
0.27349305152893066
0.22410869598388672
0.2237231731414795
0.2257091999053955
0.22611713409423828
0.22694993019104004
0.22287702560424805
0.22803115844726562
0.22353291511535645
0.2234811782836914
0.2241520881652832
0.22334623336791992
0.2276439666748047
0.22232389450073242
0.22456908226013184
0.27762722969055176
0.21861481666564941
0.21537113189697266
0.22183012962341309
0.21775603294372559
0.22044992446899414
0.22364211082458496
0.21736884117126465
0.2175157070159912
0.22086215019226074
0.2190721035003662
0.21716022491455078
0.22562599182128906
0.22922396659851074
0.2381300926208496
0.2250659465789795
0.27843809127807617
0.2218642234802246
0.22118377685546875
0.22958016395568848
0.2320859432220459
0.2263031005859375
0.22264885902404785
0.2251577377319336
0.22640681266784668
0.2249281406402588
0.23733282089233398
0.23956608772277832
0.22303199768066406
0.2269270420074463
0.27104902267456055
0.2270669937133789
0.22351884841918945
0.22964882850646973
0.22520089149475098
0.2303152084350586
0.22586393356323242
0.2211160659790039
0.22832107543945312
0.22390103340148926
0.22972989082336426
0.22954630851745605
0.228773832321167
0.22535300254821777
0.22159624099731445
0.2248249053955078
0.261397123336792
0.22202181816101074
0.21895766258239746
0.223297119140625
0.22346806526184082
0.2215712070465088
0.2243950366973877
0.22257089614868164
0.22347688674926758
0.22542214393615723
0.22178888320922852
0.22446179389953613
0.222412109375
0.22423768043518066
0.22674798965454102
0.21681523323059082
0.21632003784179688
0.21634697914123535
0.21632909774780273
0.21700382232666016
0.2187790870666504
0.22183489799499512
