0.04139949753880501
0.043717123568058014
0.042567383497953415
0.054414987564086914
0.03993646800518036
0.04014967009425163
0.048862308263778687
0.04100356251001358
0.03404370695352554
0.04025175794959068
0.03857458010315895
0.03726326674222946
0.03310321271419525
0.033938534557819366
0.04166536405682564
0.03841828554868698
0.04141838848590851
0.04686610773205757
0.036525189876556396
0.041282687336206436
0.04218471050262451
0.03845183923840523
0.038231026381254196
0.039297915995121
0.042929042130708694
0.04244380071759224
0.03776974231004715
0.04349718242883682
0.03143445774912834
0.03978458419442177
0.03888446092605591
0.03594204783439636
0.038082413375377655
0.038956351578235626
0.04022349417209625
0.03828144818544388
0.03874970227479935
0.03527020663022995
0.03213788568973541
0.0376504585146904
0.03607622906565666
0.034987397491931915
0.03817908093333244
0.037004757672548294
0.04105435311794281
0.03206809610128403
0.03737006336450577
0.03495023399591446
0.03609668090939522
0.03369874879717827
0.03587362542748451
0.039250824600458145
0.039422232657670975
0.03864603489637375
0.029066050425171852
0.031841542571783066
0.032622456550598145
0.03726181015372276
0.032713986933231354
0.03276640921831131
0.036202214658260345
0.04183007404208183
0.032214440405368805
0.03651779517531395
0.03218424320220947
0.03305685147643089
0.03442520275712013
0.031731970608234406
0.031788766384124756
0.03177012875676155
0.033171795308589935
0.029633942991495132
0.03183082491159439
0.03179861977696419
0.03232596069574356
0.035132359713315964
0.038679417222738266
0.03999697417020798
0.033329855650663376
0.030423060059547424
0.02690877392888069
0.028192957863211632
0.029085729271173477
0.03953777626156807
0.03255665302276611
0.03218705952167511
0.03120800293982029
0.03218023478984833
0.03329509496688843
0.0312560573220253
0.03269316256046295
0.02401025779545307
0.03296952694654465
0.031499333679676056
0.03164872154593468
0.029702091589570045
0.03917277604341507
0.026889752596616745
0.02866840735077858
0.032390374690294266
0.025785084813833237
0.033365752547979355
0.028002534061670303
0.024766692891716957
0.02589700184762478
0.027822673320770264
0.03171013668179512
0.034106891602277756
0.03455056995153427
0.025792505592107773
0.02600431814789772
0.02028612419962883
0.02716001309454441
0.02915417216718197
0.027224814519286156
0.0278573427349329
0.025488287210464478
0.021417910233139992
0.01856473833322525
0.02566687762737274
0.020251961424946785
0.02581970766186714
0.02923368476331234
0.02796122059226036
0.017601441591978073
0.02227569743990898
0.027398264035582542
0.026794541627168655
0.015782715752720833
0.024006236344575882
0.021176666021347046
0.017523493617773056
0.024485263973474503
0.017506880685687065
0.019378896802663803
0.016263410449028015
0.01743449829518795
0.02107403613626957
0.018121793866157532
0.019835669547319412
0.023011069744825363
0.021692628040909767
0.01804472878575325
0.019503718242049217
0.018999284133315086
0.016721976920962334
0.014125439338386059
0.019912103191018105
0.014979138970375061
0.020704731345176697
0.012226414866745472
0.018554043024778366
0.01718674972653389
0.01104414276778698
0.015251165255904198
0.016744986176490784
0.018952535465359688
0.025059619918465614
0.013359342701733112
0.013462826609611511
0.012651624158024788
0.017727632075548172
0.016156256198883057
0.016252895817160606
0.017703579738736153
0.015411612577736378
0.014927016571164131
0.016038957983255386
0.012370361015200615
0.014415545389056206
0.014378795400261879
0.013977736234664917
0.012723756954073906
0.013669095933437347
0.014177207835018635
0.017326001077890396
0.013418865390121937
0.012673981487751007
0.013111007399857044
0.011863568797707558
0.014558503404259682
0.012921543791890144
0.01655576005578041
0.009789576753973961
0.009857946075499058
0.011320563964545727
0.009298035874962807
0.01175096444785595
0.011343151330947876
0.010513486340641975
0.01029286626726389
0.009996139444410801
0.0122984042391181
0.009318719618022442
0.009421007707715034
0.007427846547216177
0.009586958214640617
0.01109389029443264
0.009673229418694973
0.010826105251908302
0.006092623807489872
0.00999168585985899
0.005500304978340864
0.0069456519559025764
0.010069525800645351
0.005786647088825703
0.01078462041914463
0.00888555683195591
0.006791920401155949
0.0114973159506917
0.005627203267067671
0.004103694576770067
0.010740960016846657
0.007395125925540924
0.007431355305016041
0.006680642254650593
0.010158875957131386
0.009590215981006622
0.009436757303774357
0.011821628548204899
0.0074008433148264885
0.010628730058670044
0.007971655577421188
0.005373884923756123
0.007369772996753454
0.00999932549893856
0.0067742676474153996
0.008520467206835747
0.0052070701494812965
0.006841395050287247
0.00679251691326499
0.00806340016424656
0.007635371293872595
0.00888967327773571
0.00544405123218894
0.007919766940176487
0.007990848273038864
0.006582475267350674
0.008367921225726604
0.0063447305001318455
0.00570859806612134
0.006784901954233646
0.006042390130460262
0.006381860468536615
0.006426360458135605
0.0058006346225738525
0.005851267371326685
0.006027719937264919
0.0072158100083470345
0.00461969617754221
0.005038296338170767
0.004551336169242859
0.0064206309616565704
0.006322060711681843
0.0055390214547514915
0.0066893091425299644
0.005311225075274706
0.006056585349142551
0.004344473592936993
0.005432441830635071
0.006302135996520519
0.004876383580267429
0.0062640816904604435
0.004595836624503136
0.0057271141558885574
0.004492111038416624
0.00445721298456192
0.004370509181171656
0.005608686711639166
0.0042839571833610535
0.005190352909266949
0.003660449292510748
0.005107692442834377
0.007119645364582539
0.004972181282937527
0.004500058479607105
0.00550333596765995
0.004598513245582581
0.00674261013045907
0.004879014100879431
0.005347701720893383
0.005288803018629551
0.004292605444788933
0.005961790215224028
0.005526251159608364
0.0053528668358922005
0.006269295699894428
0.006404496729373932
0.004287915304303169
0.005278131924569607
0.00393884489312768
0.003979003522545099
0.004774671979248524
0.004396800417453051
0.005420540925115347
0.004742186050862074
0.006692126393318176
0.004648515023291111
0.005618738476186991
0.005167250521481037
0.004509334918111563
0.006247108802199364
0.004889605101197958
0.004612264689058065
0.003728363197296858
0.005158660002052784
0.00608042161911726
0.005419630091637373
0.004061794839799404
0.004690776113420725
0.005367289297282696
0.006655256263911724
0.004359616432338953
0.004712967202067375
0.005000105127692223
0.00630018999800086
0.00528052169829607
0.006366467569023371
0.00451103737577796
0.005009456537663937
0.005147287156432867
0.003640532959252596
0.0049189492128789425
0.004584786016494036
0.005532252602279186
0.005519830621778965
0.003945226781070232
0.004247711040079594
0.004097233526408672
0.0033330165315419436
0.003175918711349368
0.004518379922956228
0.005121839232742786
0.004697534255683422
0.003843537764623761
0.005125497467815876
0.00484682060778141
0.007019947282969952
0.005342612974345684
0.005797628313302994
0.005087889730930328
0.004110609646886587
0.004439793527126312
0.005640049465000629
0.00613317871466279
0.005011384841054678
0.005042574368417263
0.004729665815830231
0.00497384462505579
0.0046973200514912605
0.004532374441623688
0.0053296275436878204
0.003992815501987934
0.004850138444453478
0.003811900969594717
0.0037172450684010983
0.0037755616940557957
0.00471989531069994
0.004412702284753323
0.004543575458228588
0.004604784306138754
0.0038483389653265476
0.0038047065027058125
0.005908444989472628
0.005111671052873135
0.004714251961559057
0.004434627015143633
0.0038874142337590456
0.004145515151321888
0.0046285479329526424
0.004698637872934341
0.006497574504464865
0.005396765656769276
0.0033861887641251087
0.003457785351201892
0.0035335193388164043
0.004262155387550592
0.004577282816171646
0.004282520618289709
0.004908781964331865
0.003731639590114355
0.004546879790723324
0.0038620303384959698
0.004429797176271677
0.0035135019570589066
0.004141414072364569
0.00436962116509676
0.003198114689439535
0.004543244373053312
0.003611926455050707
0.0039843725971877575
0.004116039257496595
0.00563570111989975
0.003998070023953915
0.004609336610883474
0.004802292678505182
0.003251758636906743
0.004264902323484421
0.004852543585002422
0.005000883713364601
0.0032509963493794203
0.004710361827164888
0.004929082002490759
0.003371699247509241
0.003901250660419464
0.0031566761899739504
0.0040761688724160194
0.004232035018503666
0.004603778477758169
0.004575048573315144
0.003492757212370634
0.0034306503366678953
0.0031299120746552944
0.003902583848685026
0.0042099556885659695
0.0037862875033169985
0.004009622149169445
0.004144222475588322
0.0031090304255485535
0.0038921982049942017
0.004191834945231676
0.0033895939122885466
0.004762173164635897
0.004044126719236374
0.004062018822878599
0.003117675194516778
0.003058468922972679
0.004145253449678421
0.0032542734406888485
0.003020979929715395
0.005421260371804237
0.0033900761045515537
0.00463644415140152
0.003965703304857016
0.0026877669151872396
0.004136292729526758
0.003138954984024167
0.004628587979823351
0.004636529833078384
0.003391155507415533
0.0037003469187766314
0.003690609009936452
0.005150169134140015
0.004813690669834614
0.0037397299893200397
0.004764623939990997
0.003861502278596163
0.004449903033673763
0.004668137989938259
0.003467520233243704
0.0036640383768826723
0.004390795715153217
0.003182448446750641
0.003980547189712524
0.0033115861006081104
0.004111588932573795
0.0034846574999392033
0.004022202920168638
0.0029404021333903074
0.004288258962333202
0.0042870258912444115
0.003285575658082962
0.0033571708481758833
0.003380185691639781
0.004508911166340113
0.004478856921195984
0.0038275052793323994
0.005354020744562149
0.003954630810767412
0.005772684700787067
0.003513837931677699
0.0037432503886520863
0.0054292031563818455
0.004639442078769207
0.0037713726051151752
0.004545859061181545
0.00433067511767149
0.0031926941592246294
0.004407336004078388
0.00351931294426322
0.003805695101618767
0.003912913613021374
0.004720224998891354
0.0037868432700634003
0.0038308731745928526
0.004586539231240749
0.003202046500518918
0.0033230804838240147
0.004010087810456753
0.003768172115087509
0.0043159727938473225
0.00332252006046474
0.003738770727068186
0.00490195956081152
0.0028784542810171843
0.003866867395117879
0.004142606630921364
0.004252230748534203
0.0034458786249160767
0.003794892458245158
0.0039801145903766155
0.004232501611113548
0.0035034804604947567
0.004098779521882534
0.004444891586899757
0.0022556371986865997
0.003467337694019079
0.0045603197067976
0.003702722955495119
0.0035772453993558884
0.0029833917506039143
0.005679676309227943
0.0035463073290884495
0.003938125446438789
0.0030571934767067432
0.0026741265319287777
0.004021845292299986
0.0026070051826536655
0.004260896705091
0.0035892885643988848
0.003479283768683672
0.0036275784950703382
0.0046540675684809685
0.002980036661028862
0.004621351137757301
0.0031607355922460556
0.0033309583086520433
0.0037798392586410046
0.004822520073503256
0.003359030233696103
0.0039951736107468605
0.0032219744753092527
0.004647895693778992
0.004020068794488907
0.004088731948286295
0.0037802369333803654
0.0030604619532823563
0.003507522866129875
0.0036323051899671555
0.0030106911435723305
0.005260527599602938
0.002699198666960001
0.002650726120918989
0.0029170888010412455
0.0030287632253021
0.003991738893091679
0.003680055495351553
0.003299965290352702
0.003435591934248805
0.0030409053433686495
0.00350659666582942
0.0038090895395725965
0.003844508435577154
0.002813019324094057
0.0044477712363004684
0.003189399838447571
0.0032976847141981125
0.003987997770309448
0.0031725019216537476
0.0039966655895113945
0.003750638337805867
0.004007051233202219
0.002753176726400852
0.003807763336226344
0.0028910983819514513
0.003691247198730707
0.0037332847714424133
0.0033653550781309605
0.00349845876917243
0.0026751321274787188
0.002957158489152789
0.0036202340852469206
0.002352569019421935
0.002819994930177927
0.00391197158023715
0.00361284869723022
0.004155249800533056
0.0032050213776528835
0.0039839791133999825
0.003069039201363921
0.003911924548447132
0.003835510928183794
0.002811428625136614
0.003951693885028362
0.002277512801811099
0.0038975588977336884
0.004346921574324369
0.003403570968657732
0.0031052555423229933
0.0033956579864025116
0.003438274608924985
0.003066472942009568
0.00308990734629333
0.0030398783273994923
0.0031610000878572464
0.003684787545353174
0.003028588369488716
0.004479537717998028
0.004107201937586069
0.003951465245336294
0.003297241870313883
0.004301237873733044
0.002928640693426132
0.00332252006046474
0.003394089173525572
0.0034413605462759733
0.0035198968835175037
0.0032218091655522585
0.003072574036195874
0.0029989953618496656
0.003266474697738886
0.004016869235783815
0.0041427286341786385
0.0036131534725427628
0.0028306529857218266
0.00315222074277699
0.002641476457938552
0.0034701586700975895
0.003201160579919815
0.004012478049844503
0.002797816414386034
0.0032929510343819857
0.0033121644519269466
0.004005183465778828
0.0028438211884349585
0.003718779655173421
0.0038246368058025837
0.003750042524188757
0.003691523801535368
0.003940950147807598
0.0037800620775669813
0.003190395189449191
0.0035890471190214157
0.0034031111281365156
0.0042852116748690605
0.004083320964127779
0.003775955643504858
0.003140318440273404
0.0032747704535722733
0.002803909359499812
0.00386261148378253
0.0036730461288243532
0.0032558832317590714
0.0034849797375500202
0.0033009578473865986
0.0026252679526805878
0.004046375397592783
0.0038727379869669676
0.004326537251472473
0.004390030633658171
0.0032465080730617046
0.004054003395140171
0.0036610462702810764
0.003566960571333766
0.003587582614272833
0.0033259980846196413
0.004870927892625332
0.003099172143265605
0.003454140154644847
0.00366482837125659
0.0030187340453267097
0.0038130725733935833
0.0038833816070109606
0.0033642533235251904
0.0042834775522351265
0.004057342652231455
0.0034268274903297424
0.003587903920561075
0.0031467347871512175
0.0034546598326414824
0.003661667462438345
0.0032060272060334682
0.0033060931600630283
0.0027440397534519434
0.004264564253389835
0.004025502596050501
0.003100327681750059
0.004678049124777317
0.003172924043610692
0.0037948365788906813
0.003377107437700033
0.003974106162786484
0.003992901649326086
0.004392286296933889
0.0033862858545035124
0.0036404512356966734
0.0031710590701550245
0.0024806533474475145
0.002844490110874176
0.003388862358406186
0.002908251713961363
0.0030205536168068647
0.003594677895307541
0.0035610534250736237
0.0032326304353773594
0.0036139278672635555
0.004164369776844978
0.0036501078866422176
0.003609874751418829
0.0034789263736456633
0.003091720398515463
0.003231549169868231
0.0027495124377310276
0.003835286246612668
0.003463014494627714
0.0031760900747030973
0.0026916819624602795
0.0034743989817798138
0.0039730616845190525
0.0029470690060406923
0.003913811407983303
0.004322643391788006
0.004174520261585712
0.003308311104774475
0.003716734703630209
0.004259641747921705
0.003509700996801257
0.003509205300360918
0.0024714809842407703
0.003677405882626772
0.004342787433415651
0.003291704459115863
0.003657060442492366
0.003393210005015135
0.0036194983404129744
0.003310639411211014
0.0033344808034598827
0.003283026162534952
0.0032665287144482136
0.0031685344874858856
0.0034102953504770994
0.00354542164131999
0.004040599334985018
0.0024811760522425175
0.0038947153370827436
0.0035690818913280964
0.0032765199430286884
0.0030073043890297413
0.0031777764670550823
0.003927909769117832
0.004263860639184713
0.002722113858908415
0.0027738469652831554
0.0025123911909759045
0.0032263644970953465
0.00370221515186131
0.0032844122033566236
0.0035113778430968523
0.0036285482347011566
0.003554986324161291
0.003050005529075861
0.0031393759418278933
0.0037507875822484493
0.004251684993505478
0.003039770992472768
0.0039646215736866
0.003564245533198118
0.0036902348510921
0.0036921356804668903
0.0036480952985584736
0.004001501016318798
0.0035616394598037004
0.00293781072832644
0.0032799572218209505
0.0036375238560140133
0.003111800644546747
0.0028895637951791286
0.0024601530749350786
0.003347182646393776
0.0031989584676921368
0.003071849001571536
0.003479474689811468
0.0035108202137053013
0.003396708983927965
0.00313786743208766
0.003120121080428362
0.0033964277245104313
0.002545005641877651
0.003801568178460002
0.003599592950195074
0.0035464607644826174
0.003612036583945155
0.002695626113563776
0.003150615841150284
0.0033294162712991238
0.003018155926838517
0.0038235101383179426
0.003060201182961464
0.0035446647088974714
0.003445695387199521
0.003432211931794882
0.0029348682146519423
0.0031204537954181433
0.0026199743151664734
0.0027967479545623064
0.00360964541323483
0.0038971900939941406
0.003518311772495508
0.002279026200994849
0.0036839679814875126
0.0032854503951966763
0.0036859370302408934
0.003651245264336467
0.0036240306217223406
0.00367928110063076
0.002244880422949791
0.0035967021249234676
0.003445759881287813
0.0035771236289292574
0.002936909906566143
0.003802180988714099
0.003251454560086131
0.0032466507982462645
0.0028009479865431786
0.0031193611212074757
0.0038798339664936066
0.00293163163587451
0.0040578050538897514
0.0040911962278187275
0.0038186670280992985
0.004069801419973373
0.0025655876379460096
0.003878562245517969
0.002913931617513299
0.003954004961997271
0.0038833438884466887
0.0040014758706092834
0.0030979267321527004
0.0026732427068054676
0.0033278404735028744
0.0035991999320685863
0.0031403012108057737
0.0037917911540716887
0.002118531847372651
0.003585180966183543
0.0030612838454544544
0.003800405189394951
0.003683516290038824
0.0032212280202656984
0.00233070133253932
0.0038767256774008274
0.0030668398831039667
0.002951365429908037
0.004254994913935661
0.002855215687304735
0.0025121450889855623
0.003672641469165683
0.002727279905229807
0.003331547137349844
0.0021487907506525517
0.0020313644781708717
0.0026620966382324696
0.0025300364941358566
0.002167775761336088
0.003991877660155296
0.0036112465895712376
0.0032298483420163393
0.003854475449770689
0.0032293908298015594
0.003850442823022604
0.0026835857424885035
0.0032903843093663454
0.003633462358266115
0.00349853141233325
0.002716867718845606
0.0028581146616488695
0.002050484763458371
0.0033533622045069933
0.003999580629169941
0.0035296014975756407
0.0033394359052181244
0.003761088941246271
0.003815238131210208
0.002961138729006052
0.0030512078665196896
0.003772666212171316
0.0032081655226647854
0.00371267506852746
0.0034335856325924397
0.0034512304700911045
0.003269140375778079
0.003437017323449254
0.0034249513410031796
0.003747927024960518
0.002824293216690421
0.004544942639768124
0.00355033902451396
0.0032094947528094053
0.0026611979119479656
0.0028935233131051064
0.0031524121295660734
0.003716983599588275
0.0035880450159311295
0.0036343559622764587
0.004437373019754887
0.0038063961546868086
0.0034674331545829773
0.003574387403205037
0.0036580439191311598
0.004435495473444462
0.0030168998055160046
0.003648655954748392
0.003352795960381627
0.0035305663477629423
0.0032029878348112106
0.0035060972440987825
0.004446155391633511
0.0028937493916600943
0.0029855037573724985
0.003943536430597305
0.00305659556761384
0.0033963527530431747
0.0032840552739799023
0.0034153820015490055
0.003645140677690506
0.00400947779417038
0.003920861519873142
0.003043539123609662
0.0030192178674042225
0.0031641076784580946
0.003645388875156641
0.002931842813268304
0.003974326886236668
0.004100231919437647
0.004226007964462042
0.0031867113430052996
0.003598253708332777
0.0026839638594537973
0.004742446355521679
0.0034613017924129963
0.0028706812299788
0.004201684612780809
0.00258366740308702
0.003975085914134979
0.003946807701140642
0.002414287533611059
0.004177880473434925
0.004485441837459803
0.0029069464653730392
0.0033634044229984283
0.002936971141025424
0.004174468107521534
0.002764281816780567
0.0033647287636995316
0.002767241094261408
0.003710369346663356
0.0025478366296738386
0.0029175449162721634
0.003711425932124257
0.0030785552226006985
0.0029090321622788906
0.003692032303661108
0.004358472768217325
0.004859889857470989
0.004032198339700699
0.003814066294580698
0.003223481820896268
0.003672991646453738
0.0038408346008509398
0.003949249163269997
0.0024604960344731808
0.003389102639630437
0.0030836225487291813
0.0029416969045996666
0.003355554537847638
0.00393111165612936
0.004210358019918203
0.003524057101458311
0.003869290929287672
0.0033408082090318203
0.0033046964090317488
0.004163686186075211
0.0030882232822477818
0.0034364231396466494
0.002330712741240859
0.0022228590678423643
0.0032437655609101057
0.0033383641857653856
0.004074708558619022
0.0031887521035969257
0.0031736367382109165
0.002929772948846221
0.003458125051110983
0.0021692244336009026
0.0029080030508339405
0.003545863088220358
0.0033990214578807354
0.0037408925127238035
0.005376259330660105
0.0031355340033769608
0.0038387514650821686
0.0042213439010083675
0.002987545682117343
0.001650834223255515
0.003884351346641779
0.002939102938398719
0.0030310731381177902
