0.0006206035614013672
0.0004649162292480469
0.0004611015319824219
0.0004611015319824219
0.0007929801940917969
0.0007917881011962891
0.0007920265197753906
0.0007851123809814453
0.000782012939453125
0.0008077621459960938
0.0007722377777099609
0.0007731914520263672
0.0009319782257080078
0.0007779598236083984
0.0007789134979248047
0.0009150505065917969
0.0007727146148681641
0.0007748603820800781
0.0008640289306640625
0.0008540153503417969
0.0007832050323486328
0.0007758140563964844
0.0009410381317138672
0.0007798671722412109
0.0007872581481933594
0.0007679462432861328
0.0007717609405517578
0.0007901191711425781
0.0007791519165039062
0.0007860660552978516
0.0007770061492919922
0.0007839202880859375
0.0008749961853027344
0.0007863044738769531
0.0007908344268798828
0.0007817745208740234
0.0007920265197753906
0.0007929801940917969
0.0007739067077636719
0.0007722377777099609
0.0008320808410644531
0.0007781982421875
0.0007832050323486328
0.0007679462432861328
0.0007789134979248047
0.0007791519165039062
0.0012750625610351562
0.0007789134979248047
0.0007719993591308594
0.0007810592651367188
0.0008182525634765625
0.00078582763671875
0.0007731914520263672
0.0008080005645751953
0.0007941722869873047
0.0007679462432861328
0.0007770061492919922
0.0007798671722412109
0.0009033679962158203
0.0007779598236083984
0.0007691383361816406
0.0007779598236083984
0.0007739067077636719
0.0007770061492919922
0.0007750988006591797
0.0007762908935546875
0.0007691383361816406
0.0007798671722412109
0.0007700920104980469
0.0007739067077636719
0.0007801055908203125
0.0007798671722412109
0.0007691383361816406
0.0007700920104980469
0.0007789134979248047
0.0007719993591308594
0.0007889270782470703
0.0007731914520263672
0.0007770061492919922
0.0007789134979248047
0.0007750988006591797
0.0007770061492919922
0.0007708072662353516
0.0007741451263427734
0.0007679462432861328
0.0007719993591308594
0.0007719993591308594
0.0010118484497070312
0.0007748603820800781
0.0007860660552978516
0.0007901191711425781
0.0008118152618408203
0.0008158683776855469
0.0007753372192382812
0.0010211467742919922
0.0007998943328857422
0.0007779598236083984
0.0011739730834960938
0.0009369850158691406
0.001013040542602539
0.0007989406585693359
0.001157999038696289
0.0008211135864257812
0.0007789134979248047
0.0010097026824951172
0.0009961128234863281
0.002969980239868164
0.0010249614715576172
0.0007872581481933594
0.0008780956268310547
0.0008530616760253906
0.0010471343994140625
0.0008718967437744141
0.0007717609405517578
0.0008540153503417969
0.0008752346038818359
0.0009710788726806641
0.0009212493896484375
0.0009260177612304688
0.0008032321929931641
0.00092315673828125
0.0009636878967285156
0.0007872581481933594
0.00096893310546875
0.0014770030975341797
0.0009338855743408203
0.0008671283721923828
0.0008449554443359375
0.0008101463317871094
0.0008089542388916016
0.0009438991546630859
0.00096893310546875
0.001132965087890625
0.0008158683776855469
0.0009481906890869141
0.0009758472442626953
0.0009438991546630859
0.0007901191711425781
0.0009827613830566406
0.0008029937744140625
0.0009951591491699219
0.0008080005645751953
0.0007841587066650391
0.0007879734039306641
0.0008120536804199219
0.0008897781372070312
0.0010051727294921875
0.0009143352508544922
0.0016260147094726562
0.0008828639984130859
0.0009400844573974609
0.0010139942169189453
0.0008690357208251953
0.000804901123046875
0.0009558200836181641
0.0007967948913574219
0.0007860660552978516
0.0008540153503417969
0.0008151531219482422
0.0007982254028320312
0.0008029937744140625
0.0007970333099365234
0.0008029937744140625
0.0007936954498291016
0.0007860660552978516
0.0008380413055419922
0.0008189678192138672
0.0007901191711425781
0.0007879734039306641
0.0007860660552978516
0.0007920265197753906
0.0008137226104736328
0.0008161067962646484
0.0008022785186767578
0.0008318424224853516
0.0007932186126708984
0.0007910728454589844
0.0007848739624023438
0.0008008480072021484
0.0008399486541748047
0.00080108642578125
0.0007889270782470703
0.0007920265197753906
0.0007920265197753906
0.0009531974792480469
0.0008246898651123047
0.0007960796356201172
0.0007967948913574219
0.0007939338684082031
0.0008020401000976562
0.0007910728454589844
0.0007927417755126953
0.0007939338684082031
0.0007889270782470703
0.0007970333099365234
0.0008769035339355469
0.0007939338684082031
0.0007879734039306641
0.0008039474487304688
0.0007901191711425781
0.0008020401000976562
0.0007891654968261719
0.0007889270782470703
0.0009019374847412109
0.0010650157928466797
0.0007991790771484375
0.0008599758148193359
0.0007863044738769531
0.0007917881011962891
0.0008070468902587891
0.0008082389831542969
0.0007860660552978516
0.0008389949798583984
0.0007958412170410156
0.0007929801940917969
0.0007958412170410156
0.0007989406585693359
0.0008120536804199219
0.0007920265197753906
0.0007960796356201172
0.0008120536804199219
0.0008132457733154297
0.0007932186126708984
0.0007870197296142578
0.0007989406585693359
0.0010170936584472656
0.0011379718780517578
0.0007979869842529297
0.000797271728515625
0.0007920265197753906
0.0008640289306640625
0.000926971435546875
0.0008039474487304688
0.000820159912109375
0.0009720325469970703
0.0007910728454589844
0.001216888427734375
0.0009129047393798828
0.0008089542388916016
0.0007960796356201172
0.0008480548858642578
0.0008101463317871094
0.0007998943328857422
0.0007829666137695312
0.0008039474487304688
0.000993967056274414
0.0007979869842529297
0.0007920265197753906
0.0009348392486572266
0.0008006095886230469
0.0007939338684082031
0.0007991790771484375
0.0007910728454589844
0.0008568763732910156
0.0007998943328857422
0.0008127689361572266
0.0008158683776855469
0.0007898807525634766
0.0007879734039306641
0.0007932186126708984
0.0008018016815185547
0.0008299350738525391
0.0007870197296142578
0.0007958412170410156
0.0008020401000976562
0.0007927417755126953
0.0007829666137695312
0.0007889270782470703
0.0008790493011474609
0.0008409023284912109
0.0009450912475585938
0.0009431838989257812
0.0008120536804199219
0.0008029937744140625
0.0009810924530029297
0.0009059906005859375
0.0008890628814697266
0.0008242130279541016
0.0009570121765136719
0.0008342266082763672
0.0009212493896484375
0.0009889602661132812
0.0009870529174804688
0.0008909702301025391
0.0008208751678466797
0.0008411407470703125
0.0009810924530029297
0.0007929801940917969
0.000942230224609375
0.0007948875427246094
0.0009350776672363281
0.0008482933044433594
0.0008270740509033203
0.0008931159973144531
0.0009169578552246094
0.0009620189666748047
0.0008139610290527344
0.0008981227874755859
0.000881195068359375
0.0008499622344970703
0.000823974609375
0.0008480548858642578
0.0010709762573242188
0.0010929107666015625
0.0008170604705810547
0.0007920265197753906
0.0008070468902587891
0.0009570121765136719
0.0010318756103515625
0.0009799003601074219
0.0007891654968261719
0.0009610652923583984
0.0008020401000976562
0.0008840560913085938
0.0009899139404296875
0.0009522438049316406
0.0008380413055419922
0.00086212158203125
0.0008001327514648438
0.0009338855743408203
0.0007932186126708984
0.0010368824005126953
0.0007898807525634766
0.0009050369262695312
0.0007970333099365234
0.001004934310913086
0.0007929801940917969
0.0009491443634033203
0.0007860660552978516
0.0010609626770019531
0.0010640621185302734
0.0009748935699462891
0.0010170936584472656
0.0009531974792480469
0.0009648799896240234
0.001055002212524414
0.0009951591491699219
0.0033731460571289062
0.0009107589721679688
0.0009908676147460938
0.0009961128234863281
0.0009791851043701172
0.0009369850158691406
0.0009219646453857422
0.0010747909545898438
0.0009331703186035156
0.0008280277252197266
0.0009818077087402344
0.0011701583862304688
0.0010480880737304688
0.0009927749633789062
0.0010209083557128906
0.0009899139404296875
0.000982046127319336
0.001010894775390625
0.0019412040710449219
0.0009801387786865234
0.0009799003601074219
0.0009870529174804688
0.0008728504180908203
0.0008749961853027344
0.0010118484497070312
0.0013806819915771484
0.0010678768157958984
0.0008912086486816406
0.001177072525024414
0.0011539459228515625
0.0010330677032470703
0.0010380744934082031
0.0011799335479736328
0.0012471675872802734
0.00113677978515625
0.0015599727630615234
0.001096963882446289
0.001146078109741211
0.0011081695556640625
0.0009667873382568359
0.0009109973907470703
0.0010449886322021484
0.0010569095611572266
0.0010628700256347656
0.0010323524475097656
0.0010542869567871094
0.001447916030883789
0.0010268688201904297
0.0008871555328369141
0.001039266586303711
0.0010542869567871094
0.0009281635284423828
0.0011661052703857422
0.0009801387786865234
0.0010223388671875
0.0011599063873291016
0.0010390281677246094
0.0010256767272949219
0.00177001953125
0.0008420944213867188
0.0010819435119628906
0.0009999275207519531
0.0011823177337646484
0.0010650157928466797
0.0009679794311523438
0.0009469985961914062
0.0014200210571289062
0.0010581016540527344
0.0009610652923583984
0.0011489391326904297
0.0012001991271972656
0.0010058879852294922
0.0011050701141357422
0.0010597705841064453
0.0012090206146240234
0.0010690689086914062
0.0015249252319335938
0.001880645751953125
0.001051187515258789
0.0010607242584228516
0.001049041748046875
0.001155853271484375
0.0010731220245361328
0.0010571479797363281
0.0010721683502197266
0.0010497570037841797
0.0009708404541015625
0.0019350051879882812
0.0018918514251708984
0.04139208793640137
0.0012350082397460938
0.0011222362518310547
0.0011327266693115234
0.0011582374572753906
0.0010800361633300781
0.0009367465972900391
0.0010998249053955078
0.0010907649993896484
0.0011878013610839844
0.001085042953491211
0.0010406970977783203
0.0010929107666015625
0.000988006591796875
0.0009582042694091797
0.001081228256225586
0.0011391639709472656
0.0010328292846679688
0.001093149185180664
0.0011148452758789062
0.0012819766998291016
0.001094818115234375
0.0012197494506835938
0.0009789466857910156
0.0011067390441894531
0.0009818077087402344
0.0010652542114257812
0.0013239383697509766
0.0012271404266357422
0.001026153564453125
0.0011379718780517578
0.0010700225830078125
0.0011372566223144531
0.001068115234375
0.0011930465698242188
0.0011410713195800781
0.0011191368103027344
0.0010251998901367188
0.0010941028594970703
0.0010340213775634766
0.001155853271484375
0.0012600421905517578
0.0011699199676513672
0.001165151596069336
0.0012481212615966797
0.0012159347534179688
0.0022041797637939453
0.0012631416320800781
0.0013349056243896484
0.0012869834899902344
0.0011551380157470703
0.0012619495391845703
0.0013010501861572266
0.0012879371643066406
0.001257181167602539
0.002167940139770508
0.001264810562133789
0.0013089179992675781
0.0012328624725341797
0.0016562938690185547
0.0013530254364013672
0.0014307498931884766
0.0013592243194580078
0.0012810230255126953
0.0012500286102294922
0.0013248920440673828
0.001293182373046875
0.0013971328735351562
0.0013339519500732422
0.0012018680572509766
0.0012242794036865234
0.00185394287109375
0.0013048648834228516
0.0018820762634277344
0.0013303756713867188
0.0012328624725341797
0.0016367435455322266
0.0014879703521728516
0.0016222000122070312
0.001474142074584961
0.0013718605041503906
0.0017290115356445312
0.001360177993774414
0.0014719963073730469
0.0015420913696289062
0.0014107227325439453
0.0014128684997558594
0.0014281272888183594
0.0015499591827392578
0.0015969276428222656
0.0014109611511230469
0.00140380859375
0.0014770030975341797
0.0014729499816894531
0.0013580322265625
0.00131988525390625
0.0011088848114013672
0.0012478828430175781
0.0015490055084228516
0.0013089179992675781
0.0013360977172851562
0.0007951259613037109
0.0018801689147949219
0.0012707710266113281
0.001216888427734375
0.001226186752319336
0.0011699199676513672
0.0012171268463134766
0.0010938644409179688
0.0014171600341796875
0.0012869834899902344
0.0018470287322998047
0.0012099742889404297
0.0016641616821289062
0.0012359619140625
0.0011990070343017578
0.0012159347534179688
0.00116729736328125
0.0011699199676513672
0.0011749267578125
0.0011730194091796875
0.0012040138244628906
0.0013000965118408203
0.0011570453643798828
0.0011911392211914062
0.001989126205444336
0.0011811256408691406
0.0013020038604736328
0.0012128353118896484
0.0017752647399902344
0.0016980171203613281
0.0011668205261230469
0.0013031959533691406
0.0012488365173339844
0.001142740249633789
0.00121307373046875
0.0012149810791015625
0.0013780593872070312
0.0012249946594238281
0.001529693603515625
0.0012159347534179688
0.0016057491302490234
0.0012640953063964844
0.0012431144714355469
0.0011551380157470703
0.0012118816375732422
0.0011341571807861328
0.0012028217315673828
0.0012121200561523438
0.001219034194946289
0.0012028217315673828
0.0013561248779296875
0.0012519359588623047
0.0012161731719970703
0.0012221336364746094
0.003676891326904297
0.001069784164428711
0.0011572837829589844
0.0012111663818359375
0.001230001449584961
0.0012040138244628906
0.0012068748474121094
0.0015022754669189453
0.0012700557708740234
0.0013427734375
0.001569986343383789
0.0012042522430419922
0.001074075698852539
0.0013577938079833984
0.0014200210571289062
0.0013871192932128906
0.0011188983917236328
0.0011658668518066406
0.0012917518615722656
0.0015239715576171875
0.001194000244140625
0.001219034194946289
0.001371145248413086
0.0012030601501464844
0.0011868476867675781
0.001127004623413086
0.0012559890747070312
0.0012977123260498047
0.0011670589447021484
0.001276254653930664
0.0010540485382080078
0.0011723041534423828
0.0012860298156738281
0.001171112060546875
0.0011708736419677734
0.0011670589447021484
0.0012128353118896484
0.0014300346374511719
0.0012209415435791016
0.001210927963256836
0.0012252330780029297
0.001209259033203125
0.0012059211730957031
0.0012729167938232422
0.0012121200561523438
0.0011949539184570312
0.0015709400177001953
0.001499176025390625
0.001096963882446289
0.0012240409851074219
0.0013298988342285156
0.001215219497680664
0.0011591911315917969
0.001374959945678711
0.0011467933654785156
0.0010209083557128906
0.0013728141784667969
0.00121307373046875
0.0012180805206298828
0.001220703125
0.001203298568725586
0.001219034194946289
0.0013110637664794922
0.0014650821685791016
0.0010349750518798828
0.0013270378112792969
0.0011990070343017578
0.0011751651763916016
0.001135110855102539
0.0011839866638183594
0.0012688636779785156
0.0011742115020751953
0.0011661052703857422
0.0010828971862792969
0.00115203857421875
0.0015740394592285156
0.0012750625610351562
0.0014719963073730469
0.0010521411895751953
0.0011439323425292969
0.0011239051818847656
0.0016429424285888672
0.0012028217315673828
0.0017242431640625
0.001081228256225586
0.0012099742889404297
0.0012059211730957031
0.0012030601501464844
0.0013878345489501953
0.0012238025665283203
0.0014829635620117188
0.001291036605834961
0.001641988754272461
0.0011162757873535156
0.0012118816375732422
0.0012149810791015625
0.001094818115234375
0.0012390613555908203
0.0012218952178955078
0.0010821819305419922
0.0016503334045410156
0.0012440681457519531
0.0010769367218017578
0.0012369155883789062
0.0012590885162353516
0.001238107681274414
0.0011458396911621094
0.001255035400390625
0.001216888427734375
0.0010943412780761719
0.0012178421020507812
0.0018112659454345703
0.0011658668518066406
0.0010721683502197266
0.001168966293334961
0.0015082359313964844
0.0012259483337402344
0.0012171268463134766
0.0012481212615966797
0.00360870361328125
0.0015971660614013672
0.0011410713195800781
0.001180887222290039
0.0011792182922363281
0.0012311935424804688
0.0013518333435058594
0.001172780990600586
0.0011622905731201172
0.001111745834350586
0.002391815185546875
0.0012080669403076172
0.0012211799621582031
0.00109100341796875
0.0012478828430175781
0.0011920928955078125
0.0012400150299072266
0.0012402534484863281
0.0014159679412841797
0.0013632774353027344
0.0013077259063720703
0.00127410888671875
0.0012600421905517578
0.0012500286102294922
0.001116037368774414
0.0012178421020507812
0.00127410888671875
0.0012698173522949219
0.0013499259948730469
0.0013301372528076172
0.001990795135498047
0.0012443065643310547
0.0012333393096923828
0.0012238025665283203
0.0012288093566894531
0.0012161731719970703
0.0011157989501953125
0.0012748241424560547
0.0012097358703613281
0.0013890266418457031
0.0011970996856689453
0.0012440681457519531
0.001638174057006836
0.0011420249938964844
0.0011870861053466797
0.0012249946594238281
0.0012290477752685547
0.0012574195861816406
0.0012221336364746094
0.0014841556549072266
0.0017061233520507812
0.0012958049774169922
0.0011851787567138672
0.001322031021118164
0.0012149810791015625
0.0012319087982177734
0.0012149810791015625
0.0013568401336669922
0.0010612010955810547
0.0010972023010253906
0.0011410713195800781
0.0011892318725585938
0.0012502670288085938
0.001191854476928711
0.0010280609130859375
0.0011749267578125
0.0010709762573242188
0.0012309551239013672
0.0015048980712890625
0.0011560916900634766
0.0010502338409423828
0.0012428760528564453
0.001219034194946289
0.0012021064758300781
0.001463174819946289
0.00138092041015625
0.001226186752319336
0.0012178421020507812
0.001203775405883789
0.0013070106506347656
0.0012969970703125
0.0012521743774414062
0.0012290477752685547
0.0012199878692626953
0.0009741783142089844
0.0012171268463134766
0.0011072158813476562
0.001149892807006836
0.0013623237609863281
0.0013113021850585938
0.0012631416320800781
0.0010809898376464844
0.0018072128295898438
0.0012879371643066406
0.001165151596069336
0.0011649131774902344
0.0019421577453613281
0.0011868476867675781
0.0011830329895019531
0.0017397403717041016
0.0011980533599853516
0.001714944839477539
0.0011730194091796875
0.0011491775512695312
0.0013000965118408203
0.001352071762084961
0.0011820793151855469
0.0012831687927246094
0.001207113265991211
0.0011959075927734375
0.0012860298156738281
0.0011839866638183594
0.0015249252319335938
0.0016300678253173828
0.001107931137084961
0.0011839866638183594
0.0011870861053466797
0.0012631416320800781
0.0012431144714355469
0.0010669231414794922
0.0010819435119628906
0.0012087821960449219
0.001219034194946289
0.0012249946594238281
0.0012087821960449219
0.0015859603881835938
0.0011529922485351562
0.001194000244140625
0.0011551380157470703
0.0010421276092529297
0.001058816909790039
0.0014278888702392578
0.0013031959533691406
0.001138925552368164
0.0011639595031738281
0.0017993450164794922
0.001210927963256836
0.0011899471282958984
0.0014939308166503906
0.0012841224670410156
0.0012538433074951172
0.002370119094848633
0.0010650157928466797
0.0011870861053466797
0.0011229515075683594
0.0012650489807128906
0.0013740062713623047
0.0012769699096679688
0.0012822151184082031
0.001062154769897461
0.0011949539184570312
0.0010890960693359375
0.00128173828125
0.0010769367218017578
0.0013687610626220703
0.0013158321380615234
0.0012240409851074219
0.0012412071228027344
0.0011811256408691406
0.0013151168823242188
0.0011720657348632812
0.0013148784637451172
0.0012879371643066406
0.0011949539184570312
0.0011949539184570312
0.0011448860168457031
0.0011818408966064453
0.0013098716735839844
0.0015690326690673828
0.001470804214477539
0.0013628005981445312
0.0011751651763916016
0.0011641979217529297
0.0012059211730957031
0.0011491775512695312
0.0010428428649902344
0.001268148422241211
0.0014657974243164062
0.0012607574462890625
0.001165151596069336
0.001219034194946289
0.0012180805206298828
0.0011403560638427734
0.001512765884399414
0.0011649131774902344
0.0011799335479736328
0.0012760162353515625
0.0011298656463623047
0.0011897087097167969
0.0013229846954345703
0.0012869834899902344
0.0013170242309570312
0.0011730194091796875
0.0012841224670410156
0.0010361671447753906
0.0012888908386230469
0.0012717247009277344
0.0014371871948242188
0.0011868476867675781
0.0011751651763916016
0.0011670589447021484
0.0010807514190673828
0.0012669563293457031
0.0012180805206298828
0.0012600421905517578
0.0012969970703125
0.0013298988342285156
0.001260995864868164
0.0012018680572509766
0.0012652873992919922
0.0012001991271972656
0.0012118816375732422
0.001195669174194336
0.001172780990600586
0.0011746883392333984
0.0013399124145507812
0.0013248920440673828
0.0014810562133789062
0.0011951923370361328
0.0010058879852294922
0.0011682510375976562
0.0011849403381347656
0.0011920928955078125
0.0013041496276855469
0.0012459754943847656
0.0011818408966064453
0.0010769367218017578
0.0014526844024658203
0.0011987686157226562
0.0011730194091796875
0.0011839866638183594
0.0010311603546142578
0.0011489391326904297
0.001203298568725586
0.0011937618255615234
0.0012710094451904297
0.001165151596069336
0.0012400150299072266
0.0009667873382568359
0.0011487007141113281
0.0012030601501464844
0.0012390613555908203
0.00113677978515625
0.0009961128234863281
0.001377105712890625
0.0011827945709228516
0.001252889633178711
0.0012006759643554688
0.0012450218200683594
0.001192331314086914
0.0013248920440673828
0.001058816909790039
0.0008039474487304688
0.0011899471282958984
0.0012679100036621094
0.0013451576232910156
0.001226186752319336
0.0011599063873291016
0.0012230873107910156
0.001007080078125
0.001294851303100586
0.0011708736419677734
0.0011661052703857422
0.0012080669403076172
0.0012121200561523438
0.00127410888671875
0.0012640953063964844
0.0011820793151855469
0.0011539459228515625
0.0011799335479736328
0.0012097358703613281
0.0013916492462158203
0.0011730194091796875
0.0011761188507080078
0.0010781288146972656
0.0011057853698730469
0.0012259483337402344
0.0011909008026123047
0.0013129711151123047
0.0013298988342285156
0.0011739730834960938
0.0012302398681640625
0.0011281967163085938
0.0012450218200683594
0.0012106895446777344
0.001184701919555664
0.0011758804321289062
0.001377105712890625
0.001065969467163086
0.0011889934539794922
0.0011990070343017578
0.0012738704681396484
0.0011720657348632812
0.0010769367218017578
0.0010139942169189453
0.000982046127319336
0.0010440349578857422
0.0010251998901367188
0.0011050701141357422
0.0013649463653564453
