0.11441502571105958
0.11967119216918945
0.1165904712677002
0.10925589561462402
0.11673480987548829
0.11659280776977539
0.12129887580871582
0.11903329849243165
0.12585973739624023
0.13227447509765625
0.1277781581878662
0.1272771167755127
0.13647106170654297
0.13067736625671386
0.12905020713806153
0.13003961563110353
0.1347218132019043
0.13739975929260254
0.13327183723449706
0.13739383697509766
0.14296333312988282
0.14618705749511718
0.14569690704345703
0.14840072631835938
0.14496856689453125
0.14969552993774415
0.15625855445861817
0.15697171211242675
0.15502120971679687
0.16051263809204103
0.15946701049804687
0.16258052825927735
0.1663087272644043
0.1673609733581543
0.1697686004638672
0.1668669319152832
0.17623451232910156
0.17703285217285156
0.1737347412109375
0.17695955276489259
0.18136171340942384
0.18605611801147462
0.18863319396972655
0.18458486557006837
0.19097078323364258
0.18932247161865234
0.1979169273376465
0.19883033752441406
0.20176374435424804
0.21270097732543947
0.19833202362060548
0.20815189361572264
0.2055080795288086
0.21092918395996094
0.21731842041015625
0.2193363380432129
0.21641721725463867
0.22327497482299805
0.21373708724975585
0.22077985763549804
0.21728452682495117
0.22121330261230468
0.22100404739379884
0.23132667541503907
0.22118900299072267
0.22783777236938477
0.23424880981445312
0.2295975112915039
0.23585397720336915
0.2279396629333496
0.23197437286376954
0.2338404655456543
0.23848934173583985
0.2318536376953125
0.23410627365112305
0.2285725212097168
0.23028776168823242
0.23637508392333983
0.22944549560546876
0.23114656448364257
0.22595008850097656
0.22929000854492188
0.23192934036254884
0.2359068489074707
0.22812541961669922
0.2316786003112793
0.23257844924926757
0.2299782371520996
0.22529474258422852
0.22258199691772462
0.22079994201660155
0.2230221748352051
0.21913389205932618
0.21741453170776368
0.22070884704589844
0.2178713607788086
0.20983078002929687
0.2151548957824707
0.20677228927612304
0.21370609283447264
0.21416177749633789
0.2048480224609375
0.20618995666503906
0.21057943344116212
0.2045583724975586
0.2010467529296875
0.20542020797729493
0.19539403915405273
0.19893651962280273
0.1969369888305664
0.19494171142578126
0.19283910751342773
0.1998213768005371
0.2010629081726074
0.19574731826782227
0.1940412139892578
0.19024723052978515
0.1881559944152832
0.1846976661682129
0.179276123046875
0.18397539138793945
0.18411691665649413
0.17916587829589845
0.17984962463378906
0.1784004020690918
0.17571985244750976
0.17701148986816406
0.17729049682617187
0.17111377716064452
0.16962577819824218
0.16474416732788086
0.1668931770324707
0.16921951293945312
0.16571746826171874
0.17297510147094727
0.1662490463256836
0.16814155578613282
0.16004354476928712
0.15597875595092772
0.1636951446533203
0.1574853229522705
0.15607150077819823
0.15298503875732422
0.15678793907165528
0.1536414909362793
0.1573546028137207
0.1529177474975586
0.14869336128234864
0.15236507415771483
0.14013131141662596
0.1474222469329834
0.14693150520324708
0.14435182571411131
0.14190078735351563
0.14239917755126952
0.1443283748626709
0.143683500289917
0.13772544860839844
0.1408894443511963
0.1343408679962158
0.1366015338897705
0.13064820289611817
0.13208378791809083
0.13267071723937987
0.1332632827758789
0.13313297271728516
0.12850950241088868
0.12944427490234375
0.12594918251037598
0.1270311164855957
0.12125175476074218
0.1217428207397461
0.12246207237243652
0.12222904205322266
0.12353540420532226
0.1241165828704834
0.12304140090942382
0.1197138214111328
0.12305021286010742
0.11848503112792969
0.12181817054748535
0.11508383750915527
0.11878010749816895
0.11316835403442382
0.12013642311096191
0.11737908363342285
0.10973760604858399
0.11321196556091309
0.11117180824279785
0.11165170669555664
0.11674969673156738
0.11316049575805665
0.1141921329498291
0.10689477920532227
0.10963176727294922
0.10640366554260254
0.10737192153930664
0.10508311271667481
0.11068987846374512
0.10280664443969727
0.10876392364501954
0.10681225776672364
0.11015707015991211
0.10219233512878417
0.09642253875732422
0.10682305335998535
0.10456517219543457
0.10126394271850586
0.10382598876953125
0.0969929313659668
0.10211100578308105
0.09880884170532227
0.09495062828063965
0.09603622436523437
0.08858391761779785
0.09365660667419434
0.09267064094543458
0.09743250846862793
0.10069908142089844
0.09150182723999023
0.0890166187286377
0.09271185874938964
0.09552571296691895
0.0935863971710205
0.08841291427612305
0.09245558738708497
0.09290754318237304
0.09015373229980468
0.08658858299255372
0.09420276641845703
0.08049236297607422
0.09617644309997558
0.0903354263305664
0.09333196640014649
0.08363261222839355
0.08535676002502442
0.09006597518920899
0.08624308586120605
0.08355138778686523
0.08103277206420899
0.08567996978759766
0.08513057708740235
0.08564712524414063
0.08807815551757812
0.08395588874816895
0.07944180965423583
0.08010655403137207
0.07634593963623047
0.0812397575378418
0.08121591567993164
0.08392337799072265
0.0817464542388916
0.08804363250732422
0.07369452476501465
0.0796423625946045
0.07389132499694824
0.08202637672424316
0.08040329933166504
0.07740734100341796
0.06861026763916016
0.07372714996337891
0.08196787834167481
0.07846192836761474
0.07278909683227539
0.07598052978515625
0.07818318367004394
0.07454306602478028
0.07293863296508789
0.06916900634765626
0.07377713680267334
0.07175779342651367
0.06801347732543946
0.07715604782104492
0.07320150852203369
0.06961433410644531
0.0717246150970459
0.06884300231933593
0.07193249702453614
0.06968278408050538
0.07936369895935058
0.07167229652404786
0.07177624702453614
0.07481346130371094
0.0735543966293335
0.07740580081939698
0.06999533653259277
0.06894105911254883
0.07379146099090576
0.07167445182800293
0.07275742053985595
0.07311219692230225
0.0731512689590454
0.07141344547271729
0.06673840522766113
0.07066060066223144
0.06830061435699462
0.07558359622955323
0.060304574966430664
0.06853073120117187
0.07293737888336181
0.07294450283050537
0.07147199630737305
0.07406720161437988
0.07222416877746582
0.07266543865203857
0.0695732021331787
0.0638668966293335
0.06619295120239257
0.06338981628417968
0.06959315776824951
0.06275986671447754
0.06258177757263184
0.07136762142181396
0.06650277614593506
0.07115731239318848
0.06865904331207276
0.06506758689880371
0.07297805786132812
0.06263161659240722
0.061041259765625
0.06502254486083985
0.06651542663574218
0.060380072593688966
0.06805521011352539
0.06691459655761718
0.07166712760925292
0.06693138122558594
0.06331498622894287
0.06903036117553711
0.06305875778198242
0.07240797519683838
0.06389892101287842
0.06599318981170654
0.06714727878570556
0.06668779373168945
0.06358147621154785
0.0656027889251709
0.0681358528137207
0.06914039611816407
0.06510410308837891
0.0566867733001709
0.06297987461090088
0.06578231811523437
0.06816627025604248
0.06581157207489013
0.058824958801269533
0.06248563289642334
0.06154736518859863
0.06752338409423828
0.06213220596313476
0.05958930015563965
0.05701338291168213
0.06221846580505371
0.057011594772338865
0.06435328960418701
0.0639287519454956
0.05857813835144043
0.06113789558410645
0.055929555892944335
0.06287089824676513
0.06079736709594727
0.06216198444366455
0.06378241539001465
0.061584177017211916
0.06636157035827636
0.057797727584838865
0.05904071807861328
0.05690884590148926
0.06199762344360352
0.0555364990234375
0.05777094841003418
0.05867712497711182
0.04772740364074707
0.05303915977478027
0.06004889488220215
0.05633028984069824
0.05958687782287598
0.061019177436828616
0.05673863410949707
0.05219432830810547
0.05376082420349121
0.05792519092559814
0.05743342399597168
0.051981720924377445
0.05481862068176269
0.06494077682495117
0.056318349838256836
0.05667191982269287
0.059114909172058104
0.05424321174621582
0.06042711734771729
0.05756408214569092
0.053756213188171385
0.06158100605010986
0.05820093631744385
0.05747505187988281
0.05429745674133301
0.06014556407928467
0.05886664390563965
