0.5045084381103515
0.5055105590820312
0.5073403167724609
0.5085389328002929
0.5117393112182618
0.5131110382080079
0.5160055160522461
0.517759132385254
0.5192493057250976
0.5217375946044922
0.5240469741821289
0.5244869232177735
0.5273089981079102
0.5291571044921874
0.5301467895507812
0.5343783569335937
0.5346897506713867
0.5388092803955078
0.540219841003418
0.5414081192016602
0.5459467315673828
0.5485769271850586
0.5493536376953125
0.5512457656860351
0.5537301635742188
0.5560772705078125
0.5595747756958008
0.5624248504638671
0.5660232543945313
0.5675190734863281
0.5682146835327149
0.5717748260498047
0.5742912673950196
0.5753899383544921
0.5796418762207032
0.5780085372924805
0.5852796173095703
0.5884754943847657
0.5887905502319336
0.5939014816284179
0.597292366027832
0.6004037857055664
0.6023355484008789
0.6008617782592773
0.6065968704223633
0.607691650390625
0.6149915313720703
0.6167135620117188
0.6220832061767578
0.6295783233642578
0.6235606384277343
0.6318840789794922
0.6355784225463867
0.6369218444824218
0.6392489624023437
0.6487419891357422
0.648465347290039
0.6529099273681641
0.6508685302734375
0.6593048858642578
0.6592623901367187
0.6688009643554688
0.6717680358886718
0.6760603332519531
0.669029541015625
0.6805426788330078
0.6852691650390625
0.6887772369384766
0.6961051177978516
0.6973356628417968
0.6975884246826172
0.7039087677001953
0.7108469390869141
0.7091407012939454
0.714981689453125
0.7201699829101562
0.7175956726074219
0.7302632141113281
0.7273714447021484
0.7423554992675782
0.7321269226074218
0.7461677551269531
0.7434544372558594
0.7545127105712891
0.7499733734130859
0.7634349060058594
0.7666299438476563
0.7635646057128906
0.7707069396972657
0.7678845977783203
0.7727948760986328
0.7777532958984374
0.7771402740478516
0.7769389343261719
0.7854132843017578
0.7794997406005859
0.7817845916748047
0.7844264221191406
0.7910964965820313
0.7917914581298828
0.7960526275634766
0.7858755493164062
0.7933083343505859
0.8025196838378906
0.7980450439453125
0.8095272827148438
0.7957564544677734
0.8013998413085938
0.8046824645996093
0.7977642822265625
0.7928207397460938
0.7939365386962891
0.7877854156494141
0.7980515289306641
0.8035671997070313
0.7995777893066406
0.7951731872558594
0.7933428955078125
0.8039419555664062
0.806318130493164
0.8105863189697265
0.8007276153564453
0.7940328216552734
0.8065971374511719
0.8048201751708984
0.8088365936279297
0.8069891357421874
0.8000370788574219
0.8088763427734375
0.8057730102539062
0.793935546875
0.8009054565429687
0.8040966796875
0.8023274230957032
0.7967594146728516
0.8015305328369141
0.7917298889160156
0.803906478881836
0.8007505035400391
0.7950693511962891
0.7965802001953125
0.8011389923095703
0.8077718353271485
0.8045449829101563
0.8012679290771484
0.8003829193115234
0.7977996063232422
0.8040291595458985
0.801526870727539
0.8075962829589843
0.7991828918457031
0.8041699981689453
0.8008378601074219
0.8091621398925781
0.8041883850097656
0.7925197601318359
0.8121157836914062
0.7991089630126953
0.8068028259277343
0.8050234222412109
0.8076130676269532
0.8121239471435547
0.7974468994140625
0.80642822265625
0.7982948303222657
0.7948377227783203
0.7938481140136718
0.804206771850586
0.8055030822753906
0.8005860137939453
0.797059326171875
0.8045218658447265
0.8101624298095703
0.8063753509521484
0.8067450714111328
0.8059430694580079
0.783576889038086
0.8075727844238281
0.790763931274414
0.8135908508300781
0.7970658874511719
0.7940747833251953
0.8015348815917969
0.8193999481201172
0.7939686584472656
0.7892960357666016
0.8107583618164063
0.7931126403808594
0.8018937683105469
0.7959928894042969
0.8008879852294922
0.8133457183837891
0.7974723052978515
0.803687744140625
0.8128685760498047
0.8150398254394531
0.8079872894287109
0.8219599151611328
0.7883319854736328
0.8248239898681641
0.8036264038085937
0.8036469268798828
0.7953028106689453
0.823294677734375
0.8265541839599609
0.7973086547851562
0.7921035003662109
0.7969083404541015
0.8090851593017578
0.8068642425537109
0.789308090209961
0.8078543090820313
0.8077033233642578
0.8254997253417968
0.8188818359375
0.8172148132324218
0.8197265625
0.8136498260498047
0.7938645172119141
0.815760498046875
0.8150896453857421
0.8103816223144531
0.793948745727539
0.8147138214111328
0.8144319152832031
0.7882275390625
0.8001944732666015
0.7954512023925782
0.8170321655273437
0.7964120483398438
0.8266706848144532
0.7853590393066406
0.794588394165039
0.7914698791503906
0.8103840637207032
0.8137373352050781
0.7917377471923828
0.8002476501464844
0.811484603881836
0.8184340667724609
0.8055943298339844
0.8100065612792968
0.8038978576660156
0.8127972412109375
0.8086465454101562
0.8123374176025391
0.8195555114746094
0.8205303955078125
0.8066632843017578
0.806404037475586
0.8051507568359375
0.8063414764404296
0.7930947875976563
0.8200267791748047
0.8211054229736328
0.8181507873535157
0.8061592864990235
0.805621337890625
0.8102544403076172
0.8264907073974609
0.8145333099365234
0.809740982055664
0.8106883239746093
0.8271586608886718
0.8161957550048828
0.7949897766113281
0.8205567169189453
0.8263999938964843
0.8151693725585938
0.8001306915283203
0.8166425323486328
0.8172559356689453
0.8045537567138672
0.8081278991699219
0.824926986694336
0.813045654296875
0.8244728851318359
0.8174565887451172
0.804708251953125
0.7910768127441407
0.8127040100097657
0.8132044982910156
0.8064266967773438
0.8130706787109375
0.8106119537353516
0.8159461212158203
0.8160549926757813
0.803180923461914
0.8039948272705079
0.8128408050537109
0.803317642211914
0.8070195007324219
0.8193909454345704
0.8173136901855469
0.8060819244384766
0.8178602600097656
0.790245361328125
0.8345774841308594
0.8132987976074219
0.8003313446044922
0.8025741577148438
0.8124204254150391
0.8093091583251953
0.8036313629150391
0.8024892425537109
0.8057544708251954
0.8181356811523437
0.8070766448974609
0.8123639678955078
0.8032768249511719
0.8139153289794921
0.813295669555664
0.8053564453125
0.806796646118164
0.8017282867431641
0.8068391418457032
0.8123490142822266
0.79515869140625
0.8110775756835937
0.8095538330078125
0.8214441680908203
0.8151773071289062
0.8184989166259765
0.8032437133789062
0.8035333251953125
0.7906929016113281
0.7934317016601562
0.8031341552734375
0.7988368988037109
0.812243423461914
0.7892704010009766
0.8099018096923828
0.7991459655761719
0.807769775390625
0.8066487884521485
0.8008126068115234
0.8054550933837891
0.7918224334716797
0.7856545257568359
0.8083625030517578
0.8045230102539063
0.7994859313964844
0.792728042602539
0.8046453857421875
0.8038011932373047
0.8048752593994141
0.8006108856201172
0.8147445678710937
0.791185531616211
0.8008564758300781
0.814315185546875
0.8200341796875
0.7904562377929687
0.8113258361816407
0.7892389678955078
0.8020143127441406
0.8113948059082031
0.8030323791503906
0.8050339508056641
0.8040180969238281
0.8044451141357422
0.8025808715820313
0.7982926940917969
0.7967053985595703
0.7916923522949219
0.8080777740478515
0.8016305541992188
0.8024630737304688
0.7960408020019532
0.8121311950683594
0.8062666320800781
0.8042145538330078
0.8285613250732422
0.808792724609375
0.7955535888671875
0.8070477294921875
0.7916390991210938
0.7918499755859375
0.8012885284423829
0.8093406677246093
0.8058600616455078
0.7969148254394531
0.8026319122314454
0.8107245635986328
0.8041410064697265
0.7822075653076171
0.7942401885986328
0.7892209625244141
0.7894438934326172
0.806414566040039
0.7846481323242187
0.7997019958496093
0.8022025299072265
0.7862168884277344
0.787966079711914
0.7995568084716796
0.8015404510498046
0.7839034271240234
0.7873284912109375
