0.033541507720947265
0.035197482109069825
0.03388164520263672
0.032025084495544434
0.03442574501037598
0.0335569953918457
0.03530131578445435
0.03493082046508789
0.03655601024627685
0.038549280166625975
0.03776769876480102
0.036855735778808595
0.03936914205551147
0.03745279550552368
0.03763742208480835
0.038457138538360594
0.039404988288879395
0.040515389442443844
0.04033738613128662
0.04115227699279785
0.04259645938873291
0.04289896011352539
0.043238592147827146
0.04409252166748047
0.04363618850708008
0.045170254707336426
0.04617555141448974
0.047585983276367184
0.04729710578918457
0.04852440357208252
0.048783669471740725
0.049201006889343264
0.050978050231933594
0.050880026817321775
0.05226256847381592
0.05088759422302246
0.05411283016204834
0.053812203407287595
0.05360293388366699
0.0557147216796875
0.055888338088989256
0.05641182899475097
0.057139921188354495
0.057342634201049805
0.05863119125366211
0.05848726749420166
0.06061107158660889
0.06142966747283936
0.06224008560180664
0.06539452075958252
0.061155881881713864
0.0634609842300415
0.06363912105560303
0.06529711723327637
0.06612160205841064
0.06686827182769775
0.06733802795410156
0.06938394546508789
0.06655187129974366
0.06822629928588868
0.0675163745880127
0.0693323040008545
0.0685481595993042
0.07186014652252197
0.06938254356384277
0.07096385955810547
0.07178706169128418
0.07142894268035889
0.07361855030059815
0.07186135768890381
0.0715867280960083
0.07309050083160401
0.07445398330688477
0.07260720729827881
0.07288704872131348
0.07121693134307862
0.072498140335083
0.07550766944885254
0.07192738056182861
0.07185279369354249
0.07125222682952881
0.07250063896179199
0.07229759216308594
0.07355950832366943
0.0721283769607544
0.07244623661041259
0.07307065010070801
0.07182047843933105
0.07079400539398194
0.07070179462432861
0.07078789710998536
0.07023834228515625
0.06880361557006837
0.0676669979095459
0.0687079381942749
0.06808836460113525
0.06493371486663818
0.06651447296142578
0.06541419982910156
0.06635814666748047
0.06600782871246338
0.06433780670166016
0.06398013114929199
0.06474988937377929
0.06271689414978027
0.06215404987335205
0.06354212284088134
0.0602901029586792
0.061312775611877444
0.06075855731964111
0.05960654735565186
0.058430967330932615
0.06011723518371582
0.06126962184906006
0.06106527328491211
0.06011619091033935
0.057688393592834473
0.057246556282043455
0.056650333404541016
0.05485598564147949
0.05719054222106933
0.05624621868133545
0.05463820457458496
0.05409463882446289
0.053781251907348636
0.053455862998962406
0.0541068696975708
0.05281916618347168
0.05063783645629883
0.049599437713623046
0.049984683990478514
0.04997080326080322
0.05124506950378418
0.0497396993637085
0.05180142879486084
0.04885891914367676
0.04926638126373291
0.04732291221618652
0.04671322822570801
0.046827468872070316
0.04581231594085693
0.046984405517578126
0.044954838752746584
0.04605801105499267
0.04548195838928223
0.04621687412261963
0.04454490661621094
0.043854351043701174
0.044189314842224124
0.04156193733215332
0.04267176151275635
0.043457984924316406
0.04248255729675293
0.04244538307189941
0.042281451225280764
0.04183979034423828
0.04231198310852051
0.04060814380645752
0.04045880794525147
0.03940809011459351
0.03984305143356323
0.038120410442352294
0.03878232717514038
0.03865068435668945
0.0384578275680542
0.03782215595245361
0.037100861072540285
0.03693668127059937
0.03649036169052124
0.036813483238220215
0.03573728084564209
0.03522830724716187
0.03521090745925903
0.03586965799331665
0.03613380908966064
0.035890603065490724
0.0355550217628479
0.034252471923828125
0.03535240650177002
0.03419391870498657
0.03482306718826294
0.033589110374450684
0.034597468376159665
0.03306558132171631
0.034341015815734864
0.03396439790725708
0.03123016595840454
0.03253171682357788
0.03205278873443604
0.03219284296035767
0.03372075796127319
0.03304729223251343
0.03277519464492798
0.031049439907073973
0.03156047582626343
0.031115710735321045
0.03095905303955078
0.030363073348999025
0.031629419326782225
0.029885873794555665
0.03124351978302002
0.030931949615478516
0.03208215713500977
0.029457900524139404
0.02809983253479004
0.030580017566680908
0.030490880012512208
0.029019246101379393
0.029706375598907472
0.027983946800231932
0.02948761224746704
0.028792920112609862
0.027555100917816162
0.027544453144073486
0.025566632747650146
0.026957621574401857
0.02705625295639038
0.027558095455169677
0.028735342025756835
0.0260562539100647
0.02583505868911743
0.02627793073654175
0.02817939519882202
0.027093124389648438
0.025400817394256592
0.026970236301422118
0.026696105003356934
0.02600968360900879
0.025063176155090332
0.02753157615661621
0.02356475591659546
0.027796339988708497
0.026117923259735106
0.02702688217163086
0.02411756992340088
0.02494757413864136
0.026022098064422607
0.025445830821990967
0.024336414337158205
0.0236568546295166
0.024912359714508055
0.024853599071502686
0.02476914882659912
0.025292499065399168
0.02433558225631714
0.023312251567840576
0.023072893619537353
0.021905853748321533
0.02395418882369995
0.02390432119369507
0.024381227493286133
0.023463633060455322
0.02552394151687622
0.021489002704620362
0.023045659065246582
0.02142207622528076
0.023586037158966063
0.023522617816925048
0.022480783462524415
0.02032876968383789
0.02189959764480591
0.023809075355529785
0.023025398254394532
0.021209280490875244
0.022183656692504883
0.022853777408599854
0.021276719570159912
0.021079874038696288
0.02017214059829712
0.021563944816589357
0.021167891025543215
0.020014612674713134
0.022088642120361327
0.021450586318969726
0.02015627861022949
0.02074054479598999
0.020126032829284667
0.020781729221343994
0.020657198429107668
0.023439218997955324
0.02130521059036255
0.0211108660697937
0.022458577156066896
0.02169886827468872
0.02216625452041626
0.020324029922485352
0.020433790683746338
0.021550190448760987
0.021108922958374025
0.02116912841796875
0.021488523483276366
0.021468660831451415
0.020662221908569336
0.01970841646194458
0.02119229793548584
0.020187492370605468
0.022784724235534667
0.01776244044303894
0.020483689308166506
0.021690993309020995
0.021820335388183593
0.021175014972686767
0.021896302700042725
0.021404380798339843
0.021270484924316407
0.0204146933555603
0.019066822528839112
0.019594264030456544
0.018857423067092895
0.02077575206756592
0.01880257248878479
0.018478033542633058
0.021392042636871337
0.019571282863616944
0.020935544967651366
0.020396099090576172
0.019314788579940796
0.022267200946807862
0.018828881978988646
0.01825698256492615
0.019330923557281495
0.020048904418945312
0.018423868417739866
0.02036442279815674
0.019823092222213744
0.02155183792114258
0.020137333869934083
0.01923364758491516
0.020874812602996826
0.018727427721023558
0.02164438009262085
0.019071632623672487
0.01987085223197937
0.019922308921813965
0.019708868265151978
0.01919029712677002
0.019710192680358885
0.020345113277435302
0.020734424591064452
0.01966138482093811
0.017226500511169432
0.019343771934509278
0.019703851938247682
0.020228962898254394
0.019620590209960938
0.018235965967178344
0.018643071651458742
0.018597416877746582
0.02015708923339844
0.01887744426727295
0.017686424255371095
0.016978759765625
0.01896642804145813
0.017704436779022215
0.019373124837875365
0.019198070764541626
0.017677072286605835
0.018416500091552733
0.01742961287498474
0.01918270230293274
0.01829031467437744
0.018515591621398927
0.019100773334503173
0.01879902720451355
0.020004172325134278
0.017569738626480102
0.017903597354888917
0.01725229263305664
0.0187751841545105
0.016755492687225343
0.017560365200042723
0.01779518961906433
0.014040114879608155
0.01628171443939209
0.01837818741798401
0.017247742414474486
0.018238062858581542
0.018441570997238158
0.017528506517410277
0.016104896068573
0.016511781215667723
0.017522302865982057
0.017401841878890992
0.015770015716552736
0.016729230880737304
0.01987688064575195
0.017569677829742433
0.017356096506118773
0.018062301874160767
0.01645060420036316
0.018496965169906617
0.017736166715621948
0.016028743982315064
0.018738549947738648
0.01807364583015442
0.017746881246566773
0.01623827338218689
0.018566216230392455
0.017709076404571533
