1.8239249290751804
1.8239249290751804
1.8239249290751804
1.8239249290751804
1.8166322275522517
1.8090979384520678
1.8016760224620083
1.794250977571759
1.7866739967274736
1.7789365928208363
1.7708015859573365
1.7622091799205715
1.7533342041415056
1.7444934501288958
1.735831924190607
1.727188712884213
1.7184901689462317
1.710064821180463
1.7017341260354186
1.6935919377158677
1.6856366360303074
1.6778319590305426
1.670003961131115
1.66237943847856
1.6552039111488508
1.6480131970152128
1.6407693681060271
1.633582463113302
1.6261269279750445
1.618572372987929
1.611247608584137
1.6039387079753953
1.5966628103945966
1.5895642325445491
1.5825952438003843
1.5754434683696728
1.5688442241714091
1.5622377897338406
1.5558170552922583
1.549367582947792
1.5430116353045822
1.536109817879638
1.5293695826093257
1.5226848369175785
1.5159825148909671
1.5093093782282017
1.5024637096622862
1.495823149277348
1.4891742164543265
1.4825322387708049
1.4758541971091232
1.4692272173857468
1.4627199249442762
1.4561406592445814
1.4496090082116386
1.4433253952988336
1.4369836610046953
1.4304044037919441
1.423844786154093
1.4174324455551892
1.4108884085404165
1.404289479744228
1.3978588006537465
1.391403505777873
1.3850766628720437
1.3787349668048556
1.3723409396327755
1.3659979139671545
1.3596106331160747
1.3531941189199257
1.3467855302627734
1.340442049751794
1.3339643645001826
1.3273762584286914
1.3209308306214396
1.3145150546944702
1.3080360003317266
1.3017639802223262
1.295703360319324
1.2900813400140134
1.2845086685806175
1.278953328525561
1.2734992635544131
1.2682128127288603
1.2628908890979156
1.2577437455214966
1.2525521109834632
1.247363871640412
1.2422326084790793
1.237054449775635
1.2319051488433548
1.2265330794404639
1.2213256563494501
1.2160556322360445
1.2108331131317982
1.2057004984421145
1.200784652090754
1.1958120253670508
1.19082401768845
1.1859951898218977
1.181208044772061
1.1762835896767623
1.1714647949708399
1.1666936530438068
1.1620113969425527
1.1573802018718395
1.1528464629815172
1.1483412297811755
1.1437658506648731
1.139360275043073
1.1349380125323356
1.1306092426809367
1.1261510391660072
1.1216127189390155
1.1171047047413847
1.1125558531923316
1.1081995292821178
1.1039322037489687
1.0997715500013898
1.0957424493355268
1.0917484390252057
1.0877717486855896
1.083806474795763
1.0798275051382362
1.0759277640672824
1.0721975480296453
1.0683697244706407
1.0648488736405022
1.0612452843674496
1.057696993229374
1.0542347748073686
1.0508128292028487
1.0473552829910748
1.0440453995389918
1.040852711334229
1.0376619029178098
1.034546502085329
1.0314713928072923
1.0285240440963863
1.0256177401320101
1.0226972221824648
1.01994126767054
1.0171814202429386
1.0145542408087864
1.0118476145780229
1.0092844871540785
1.0067850950325368
1.0042903708096103
1.0018716650335435
0.9994550688218472
0.9971094089730403
0.9948563186448904
0.9926782249225365
0.9905844161870128
0.9885737100501746
0.9866279285458587
0.9846780317256754
0.9827884586552212
0.9808729675138772
0.979074853079274
0.9773603200300265
0.9756851554957042
0.9740543399401826
0.9724105599661028
0.9708307346066941
0.969368265496896
0.9679624244229228
0.9665813259367907
0.9652185031182602
0.9639209449452606
0.9626987562609743
0.9615132022178607
0.9604272379309284
0.9593315758085807
0.9583284934904288
0.957371423161711
0.9564916578539591
0.9556665081228091
0.9548917523315815
0.9541163251413962
0.9533794080998076
0.9527156459212907
0.952085746097034
0.9515214270079768
0.9509884085488606
0.9505151616618659
0.9500428514740893
0.9496855995946301
0.9493405098739609
0.9490647135559276
0.948789792253631
0.9485407466336915
0.9483675660821105
0.9481998411014705
0.9480711118240355
0.9480142529396759
0.9479675504321721
0.9479604947135873
0.9479907924780933
0.9480478675282584
0.948135823998701
0.9482530325869092
0.9484020933017405
0.948578935862894
0.9487777597048352
0.9490271760557638
0.9492799868306372
0.9495300314858031
0.9498583079174663
0.9500866840637403
0.9504556566850263
0.9508422307157622
0.95122271799139
0.9516961372307577
0.9521426063587533
0.9523996031269648
0.952893674511077
0.9533924742705702
0.9537371593126924
0.9542041484174955
0.9547384774720189
0.9552122847846709
0.9556765099403366
0.9563062604779932
0.956953889761032
0.9576461091932186
0.9581802575783416
0.9587585479088198
0.9593904035559728
0.9599342296662841
0.9604229042049941
0.961143056461703
0.9613465218549538
0.9617077445462057
0.9620909938722493
0.9626870470066944
0.9634026469046018
0.9638328922261333
0.9642256929667654
0.964892122787757
0.965407983799811
0.9659956609009065
0.9666846010761155
0.9672830825309002
0.9674756935695128
0.9679330470573874
0.9685496233061959
0.9684870870850373
0.9686441556945216
0.9681421311295001
0.9681147204992597
0.9686127803318128
0.9688333225832533
0.9684620506665091
0.9683691689850098
0.9677666281599611
0.9679861692084968
0.9686137592856447
0.9691153925511191
0.9696952335540913
0.9696953664273591
0.9697980141521696
0.9688498848865976
0.968913752314587
0.9694160110427626
0.9690203490769829
0.9694728470015885
0.9694817906819813
0.9696727742115772
0.9693723269426816
0.9685094605629512
0.9681288775676146
0.9681035029637639
0.967318309989057
0.9675457390227076
0.9668368599002385
0.967146373291843
0.9672612230800027
0.9664500070580138
0.9668830650360531
0.9672085794363119
0.9662033566407555
0.9666734516771072
0.9660660676272804
0.9663555814527474
0.9667597767366747
0.9658809645189632
0.9666129912680395
0.9665775859748971
0.9672888674927167
0.9674992019351408
0.9673802950039446
0.9670230445914711
0.9676590414033255
0.9674623910904272
0.9670886313029026
0.9667918755091052
0.9664805491305545
0.9662182009309768
0.9655993211207041
0.9663314715372402
0.9666743018129098
0.966934931804927
0.9665543002064565
0.9661415805614826
0.9663760495356071
0.9667259668544781
0.9663025282526342
0.965418449216763
0.96571324888606
0.9661709611984002
0.9661444678359312
0.9664015610206333
0.9668601996817229
0.9663361591275472
0.9671728953845796
0.9671839243646592
0.9666881906641392
0.9667593450377758
0.9668987645750159
0.9663703203162792
0.9662950542693871
0.9659184028653061
0.9660747402369492
0.966185279721382
0.9665153174751057
0.966610483688261
0.966527413663408
0.9667071861341873
0.9666167367068803
0.9668176683491121
0.9659897935151049
0.9657580890215678
0.9652786631033704
0.9643739066486359
0.9650127147859962
0.9646941025825896
0.9647537206301968
0.9645507495273824
0.9651001166786494
0.9648746966504003
0.9656439513180123
0.9657590625702959
0.966546474845222
0.9662469188143524
0.9661375956708067
0.9659222089611238
0.9652136602800196
0.9658987902186262
0.9653688946973076
0.9652665377030628
0.9651732480880373
0.9643242213791963
0.9645621734669853
0.9650110566133049
0.9652793717705834
0.9650957421716848
0.9650177473570714
0.9654290705084714
0.9650199798922409
0.964257784722919
0.9645583682961354
0.9643374942714882
0.9639411391899892
0.9637484928545221
0.9627670079804544
0.9629637881467357
0.9632529856762754
0.9634888904506953
0.963706166920751
0.9639614387415515
0.9630109888040435
0.9629011878011302
0.9632708645166916
0.9624777741968968
0.9629676525355882
0.9634330964382517
0.9625503218878848
0.9617343871056814
0.9616408313301736
0.9619208129486054
0.9627227894940487
0.9633316465648107
0.9637359831398173
0.9636797887670797
0.9636239869744716
0.9632176059844056
0.96318526054612
0.9631911315825087
0.963772332530309
0.9632063058321264
0.9625720022071176
0.9626690756186694
0.9619842872466262
0.9621609235518356
0.9622737222180227
0.9626900316376035
0.9616553217534467
0.9624066836669003
0.9620104649955086
0.9614723962337921
0.9616389633905149
0.9619164690505997
0.9617117114002585
0.9607014485128441
0.9599215663136924
0.9601155084096129
0.9602824735963256
0.9604751261277338
0.9596599788426224
0.9600311765265108
0.9605365191673358
0.960867457927816
0.9613859827398741
0.9613417886456561
0.961220239405811
0.96048624417255
0.9603225883580528
0.9604676147068634
0.9609070182568189
0.960089897330345
0.9601705268404921
0.9601648122452959
0.9596388720850766
0.9592788219559405
0.9583877013764893
0.9584102186777448
0.9592442319290124
0.9591077630715898
0.9583030544819429
0.9578161838099941
0.9580300380625215
0.9571623189014683
0.9569305596480839
0.9576816540072202
0.9570931265239334
0.9573322524973056
0.956903407138938
0.9561023022059109
0.956193529376337
0.9556273433452211
0.955844972979
0.9560106653515604
0.9552068507337135
0.9553381444727753
0.9559909137392245
0.9567099301144757
0.9568541076016907
0.9563250167114596
0.9566162125662817
0.9567688202060919
0.9565829648408735
0.9560226696010816
0.9562934626142864
0.9557865368014051
0.9561365333812273
0.9556942606510757
0.9557067781479621
0.9558244570355481
0.9557454222683608
0.9553438973487962
0.9555397881627036
0.9556582240452556
0.9557388833242295
0.9563536065176403
0.9557886127559425
0.9551086551579941
0.9544656258823427
0.9546790794182296
0.9553579821100533
0.9549228827951532
0.9555680301030676
0.9549457958033991
0.9554103880004929
0.9559575003058262
0.9553588869257656
0.956084536904942
0.9563912058415784
0.9566289174867435
0.9572950914577363
0.9579523769340222
0.9573743565495162
0.9576381789815256
0.957020484146749
0.956912630122412
0.9569735856586858
0.9577319284879555
0.957581462820916
0.9579678257231408
0.9581287552752634
0.9586348658496826
0.95821638977
0.9590337211412201
0.9592779306383905
0.9600627072228236
0.9606406522121009
0.9596915975699737
0.9601202610324211
0.9604753673209923
0.9597316915070322
0.9591789758434026
0.9591754124613887
0.9585958070723846
0.9593200683552283
0.9586130529368933
0.9591041719209903
0.9588528531199215
0.9584967079125075
0.9588294249921273
0.958248079146801
0.9584606051132704
0.9575789047667018
0.9574113392325736
0.9574938010644151
0.9575492721163289
0.9584431619671376
0.9588697708304771
0.959299496913469
0.9593671633551498
0.9600276927481677
0.9604018934737868
0.959580059956015
0.9602106718707719
0.9596888792033105
0.959136139730032
0.9582197810593603
0.9581170229385707
0.9581999216667023
0.9589943700263115
0.9594139815252982
0.9594002358800063
0.9597400382404006
0.9603895100994817
0.9605826065864136
0.960831075689512
0.9614329854612339
0.9619387415827256
0.9621479843569202
0.9612690160879107
0.9605148019681972
0.9610943543213134
0.9606160072886962
0.9608029916160346
0.9609836190768226
0.9604595984695834
0.9605563876758045
0.9596520714898822
0.9594048118968344
0.9596308240687272
0.9595421669582822
0.9597243513293221
0.9598831749068333
0.9598287316523131
0.9590312650436259
0.959888552062182
0.9607113714928561
0.9609722370071175
0.9603428833738095
0.9603384196841884
0.9598217321948008
0.9590324548198139
0.9586759480398379
0.958586794358796
0.9581596343159842
0.9580412447072151
0.9585775486891067
0.957901413978407
0.9579813359633214
0.9588104061117027
0.9579252084439628
0.9582502314018189
0.9589204604826775
0.9593545188975262
0.959637386300572
0.9602297326002607
0.9599354527310037
0.9591806734192729
0.9587595876346038
0.9582510976321676
0.958750319386384
0.9580959062808498
0.9572608769273737
0.9566265495770853
0.9559005327110519
0.9562091588826938
0.9558075816098911
0.9556133332064448
0.9555591565164605
0.9549590983842686
0.9543580688074926
0.9536791788013018
0.9540614141788605
0.9546186936463645
0.9543561650015886
0.9548206695878236
0.9554926775055641
0.9557484664530982
0.9554083251819977
0.9558124836615971
0.9551504029684774
0.9556638439015942
0.9559776642069526
0.9561322669913657
0.9553511133253199
0.9549319698672739
0.9553465696343038
0.9546751059804386
0.9547191814866471
0.9544715162631089
0.9548904586754113
0.9553672578605803
0.9551744136447404
0.9546339173624891
0.9548203745614073
0.9547733526462548
0.9550703836512522
0.9554676936628688
0.9556604806840374
0.9554982490548931
0.9560817192171897
0.9554609008165242
0.9550589417467782
0.9557314308429947
0.9563545113870779
0.9558928552304762
0.9556838776906289
0.9561582367693888
0.9567524701095984
0.9563500276477737
0.9561799610784315
0.9564277771370289
0.9565053918889418
0.9565982305426883
0.9571828140952785
0.9573025758967797
0.9580027810855158
0.957147323650628
0.9575544339482907
0.9570443300774956
0.9567326548528546
0.9571194373753411
0.9574319072260102
0.957153014930837
0.9564095715594938
0.9558607484679786
0.9562470441918397
0.956583662341748
0.9561045942458912
0.9555387952082184
0.9549007230977182
0.9550027988274613
0.9551316518923592
0.9545313325526312
0.9539978141830069
0.9534127831591666
0.9537924613622208
0.9531760094714334
0.9535432525250169
0.9535318469398457
0.9541035121647345
0.9546385958876821
0.9542709192485115
0.9543710395887766
0.9548967678353009
0.9542250837174284
0.9541523583810055
0.9543334961149261
0.9548321106095143
0.955272507856612
0.9558374663215418
0.9558520536273488
0.9555841966955425
0.9551971764281578
0.9550098106083649
0.9544830230322573
0.9545767996225609
0.9550289493171641
0.9544653094048944
0.9546956189167193
0.9547543839346173
0.9549473354015596
0.9543405026682523
0.9543337054891892
0.954342584892317
0.9542143163633182
0.9546262250101837
0.9547249867666336
0.955311644834205
0.9556846550586224
0.9555803377421415
0.9558816634922678
0.9551362179877908
0.9555974495198394
0.9548548003149635
0.9545288453503626
0.9545446769178281
0.9547155012536565
0.9550591398655525
0.9553075045321882
0.955079981309261
0.955404990776769
0.9546733081961147
0.9545849410790403
0.9545372605799599
0.9551182066691233
0.9544491817400208
0.9545804936198805
0.9550628873552375
0.9553317722781401
0.9551302129017576
0.9551673880504473
0.9550080640333313
0.9547419416688449
0.954911381847647
0.9552267365577092
0.9547513393594502
0.9549650753023924
0.9554320732183255
0.9548457910267142
0.9541488345599136
0.9546513354516787
0.9543902995761702
0.9545009881923768
0.9538739157457843
0.9544061589620907
0.9538644242664045
0.9534599744206536
0.9534153383797928
0.9528007248621011
0.9531048397348192
0.9528132939513427
0.9531019676254514
0.9534409390782226
0.9531430132379806
0.9536625869669079
0.9531350679867359
0.9530919396426685
0.952753448572875
0.9526414197380202
0.952797495127738
0.9529738183824936
0.9525653948420034
0.952778146515497
0.9532277272096247
0.9528478640765619
0.9530684339036947
0.9528329011359696
0.9526786294706975
0.9531168828023597
0.9528419574573638
0.9531377751851968
0.9533891393586238
0.9529353935039612
0.9530125356481727
0.9532585306979662
0.9529200847834312
0.9523560547208556
0.9519004865574656
0.9514159307660353
0.9511421297161505
0.9513824914045302
0.9509048678157392
0.9511652313315926
0.9513523881839867
0.9514672389963876
0.951735477060957
0.9520269429220426
0.9516757537265031
0.9513908259611834
0.9516611897507408
0.9515818215991656
0.951798352699073
0.9520292203061071
0.952119627878862
0.9523382296795238
0.9520422412529423
0.9522361306710141
0.9519488033025645
0.9519734998181801
0.9516427404221837
0.9514461671386742
0.951807240279924
0.9517775730187417
0.9518073953695443
0.9523225615926947
0.9521387468107991
0.9517231560586914
0.9514568434032651
0.9511514185555165
0.9507923371193274
0.9510809018354339
0.950899028884342
0.9513788651362657
0.9511004729547768
0.9512567315870134
0.9511297740517595
0.9513574930344109
0.951394610037068
0.951116942066785
0.9512373479986742
0.9510587133402282
0.9513931236737911
0.9516522997725805
0.9513686748324046
0.9510249369626542
0.9508862371439976
0.9511769912142264
0.9508410402792662
0.9506499115641939
0.9507538426187101
0.9504180653672532
0.9507610972080516
0.9506279759175535
0.9507562137769148
0.9504296602248687
0.9502486484836716
0.9500794123264488
0.9501382219551759
0.9498648734720316
0.9498732809564463
0.9496091051374655
0.9497143814000796
0.9499544321448972
0.9501618670006227
0.9502243919171867
0.9502000408669405
0.9503722663314942
0.9506941029880231
0.950258167988019
0.9499981457592508
0.9496902850219573
0.9498666298404341
0.9495617975315034
0.9496731969050483
0.9498668070916402
0.9498557103004663
0.9496728497431087
0.949454964436115
0.9492306266073982
0.9493351092678117
0.9493457426099104
0.9494331408889707
0.9493077778501378
0.9491816723042232
0.9492102798267328
0.9489675288488678
0.9488049772615206
0.9490052794369879
0.9492565587826185
0.9490477674571149
0.9493062065115622
0.9495692957328588
0.949279842544722
0.9492037023027908
0.9491836381812205
0.9494023848068796
0.9496882030921502
0.9497629588512122
0.9498212460400091
0.9498682027710157
0.9496801312743348
0.9496749296116118
0.9495865547764124
0.9494516632829513
0.9493720524498921
0.9496456465314447
0.9499873026172407
0.9500884787656799
0.9501164701046891
0.9502920418646007
0.9501329077814695
0.949874222225319
0.9499661227393286
0.9500593452445416
0.9502793006998473
0.9499321066728503
0.9495833743803781
0.9498072195174524
0.9501614677800656
0.9503178733437099
0.9501639088500381
0.950075812946416
0.9499185288618617
0.9496918580091092
0.9498733542175604
0.949802407019038
0.949805908913038
0.9498479149863426
0.9502035312457919
0.9503854350134051
0.9506339321365511
0.9510075522647905
0.9508513810459869
0.9510499548959948
0.9510522665180177
0.9512930063576119
0.9515465368397245
0.9519156805436932
0.9519134096879571
0.9517149780507876
0.9520068728285063
0.9522177904415736
0.9518706214020929
0.9522780988342456
0.9524009522622563
0.9520380951790199
0.9516136519244757
0.9518113543187401
0.9520795203519582
0.951641646294028
0.952041715405551
0.9517132955468643
0.9515694142392961
0.9520397902439384
0.9522109996799666
0.9525317294742411
0.9523988676497255
0.9519317411014745
0.9520170678433555
0.9524272884778444
0.9527661451853568
0.9522450888488467
0.9520793001760642
0.952318570854538
0.9518464932641457
0.9520939004372978
0.9521976500552807
0.95208977924727
0.9517145773801219
0.9521511362497527
0.951938099368106
0.9516783924334119
0.9520275513355743
0.9517596126874152
0.9513975173493356
0.9517807838301875
0.9514022582658965
0.9512144937476088
0.9507869144295609
0.9506889973716681
0.95080742534131
0.9508484044365585
0.950669328412955
0.9504262579786207
0.950379840773391
0.9505259346783385
0.9503963721478424
0.9507606951603697
0.9506515590346394
0.9503022716908069
0.9505948953873193
0.9504451430802261
0.9505486279197135
0.9502888858748655
0.9504064135397443
0.9501001390902606
0.9503786645846897
0.9507254830918624
0.950602640898258
0.9508981526449327
0.9507178970715264
0.9503589007079467
0.9501866281188112
0.9501753368260859
0.94994366333698
0.9496115699215861
0.9494793613707855
0.9493461698832298
0.9491270555503322
0.9488972227590917
0.9491180022760164
0.9492056658713005
0.9494812742452099
0.9492515406654779
0.9494415357974553
0.9494864454145421
0.9493684959919184
0.9495672021048525
0.9492925253911605
0.9491366601836921
0.9490286823813303
0.9491245104935802
0.9493905269101491
0.9495666778344575
0.9495789615262242
0.9493699953619097
0.9495508899055568
0.9493380337038423
0.9493203092825353
0.949130980571165
0.9489642087404295
0.949120381923019
0.9492163153631107
0.9491836974968701
0.9491966691555173
0.9493671551816236
0.9496009881333822
0.9494161226152129
0.9496533445963931
0.9495512119557866
